,Unnamed: 0,Unnamed: 1,stimDig,force,emg,mmg
8004,,,1,-0.369127,-0.00235686,0.00134237
8005,,,0,-0.336292,-0.00235686,0.00286261
8006,,,0,-0.303458,-0.00367025,0.00134237
8007,,,0,-0.204954,-0.0033419,0.00134237
8008,,,0,-0.303458,-0.00202852,-0.000177868
8009,,,0,-0.631804,-0.0033419,-0.000177868
8010,,,0,-0.303458,-0.00301356,-0.00625883
8011,,,0,-0.303458,-0.00170017,-0.00169811
8012,,,0,-0.172119,-5.84455e-05,-0.000177868
8013,,,0,-0.237788,-0.00104348,-0.000177868
8014,,,0,-0.303458,-0.00170017,0.00134237
8015,,,0,-0.204954,-0.00202852,0.00134237
8016,,,0,-0.270623,-0.0033419,0.00286261
8017,,,0,-0.434796,-0.00170017,-0.00625883
8018,,,0,-0.303458,-0.00301356,-0.00321835
8019,,,0,-0.369127,-0.00137183,-0.00169811
8020,,,0,-0.336292,-0.00137183,-0.00169811
8021,,,0,-0.303458,-0.00170017,-0.00321835
8022,,,0,-0.401961,-0.00367025,-0.000177868
8023,,,0,-0.369127,-0.00170017,-0.00169811
8024,,,0,-0.336292,-0.000386791,-0.00169811
8025,,,0,-0.401961,-0.00235686,-0.000177868
8026,,,0,-0.303458,-0.00235686,0.00286261
8027,,,0,-0.303458,-0.00367025,0.00134237
8028,,,0,-0.237788,-0.00432694,0.00134237
8029,,,0,-0.434796,-0.00104348,0.00134237
8030,,,0,-0.500465,0.00158328,-0.00169811
8031,,,0,-0.467631,0.00289666,-0.000177868
8032,,,0,-0.566134,0.00223997,0.00134237
8033,,,0,-0.566134,0.00782185,-0.000177868
8034,,,0,-0.598969,0.00880689,0.00286261
8035,,,0,-0.598969,0.00880689,-0.000177868
8036,,,0,-0.631804,0.00913523,-0.000177868
8037,,,0,-0.664638,0.00716516,-0.00169811
8038,,,0,-0.992984,0.00782185,-0.000177868
8039,,,0,-0.861646,0.00979192,-0.00169811
8040,,,0,-0.763142,0.00782185,0.00134237
8041,,,0,-0.861646,0.00815019,0.00134237
8042,,,0,-0.861646,0.00486674,0.00286261
8043,,,0,-0.927315,0.00815019,-0.00169811
8044,,,0,-0.894481,0.0074935,-0.000177868
8045,,,0,-1.05865,0.00256832,-0.000177868
8046,,,0,-1.02582,-0.00399859,0.00134237
8047,,,0,-1.02582,-0.00958047,0.00134237
8048,,,0,-0.992984,-0.00990881,0.00438285
8049,,,0,-1.02582,-0.0115505,0.00134237
8050,,,0,-0.894481,-0.00793874,0.00134237
8051,,,0,-0.96015,-0.00465528,0.00286261
8052,,,0,-1.02582,-0.00170017,-0.000177868
8053,,,0,-1.09149,0.00256832,-0.00169811
8054,,,0,-1.02582,0.000926591,-0.000177868
8055,,,0,-1.18999,0.00223997,0.00134237
8056,,,0,-0.927315,-0.00137183,-0.000177868
8057,,,0,-0.763142,0.00158328,-0.000177868
8058,,,0,-0.763142,0.00256832,-0.000177868
8059,,,0,-0.730308,0.00191163,-0.000177868
8060,,,0,-0.763142,0.0002699,0.00286261
8061,,,0,-0.566134,-0.00170017,-0.000177868
8062,,,0,-0.5333,-0.000715137,0.0059031
8063,,,0,-0.500465,0.00256832,-0.00473859
8064,,,0,-0.270623,0.00585178,-0.000177868
8065,,,0,-0.303458,0.00519508,-0.00473859
8066,,,0,0.0248886,0.0002699,0.00134237
8067,,,0,-0.0736152,-0.00892378,-0.000177868
8068,,,0,0.0905579,-0.0122072,-0.000177868
8069,,,0,0.189062,-0.013849,-0.000177868
8070,,,0,0.386069,-0.0131923,-0.000177868
8071,,,0,0.451739,-0.0108939,-0.000177868
8072,,,0,0.615912,-0.00629701,-0.00473859
8073,,,0,0.878589,-0.0033419,-0.00169811
8074,,,0,0.977093,-0.00202852,-0.000177868
8075,,,0,1.04276,-0.00301356,-0.00169811
8076,,,0,1.23977,-0.00235686,-0.000177868
8077,,,0,1.33827,-0.000386791,0.00134237
8078,,,0,1.46961,0.00191163,0.00134237
8079,,,0,1.73229,0.00256832,0.00134237
8080,,,0,1.79796,-0.000715137,0.00286261
8081,,,0,1.89646,0.00158328,-0.000177868
8082,,,0,2.15914,0.000598246,0.00134237
8083,,,0,2.25764,0.00191163,-0.00169811
8084,,,0,2.52032,0.00223997,-0.00473859
8085,,,0,2.58599,0.00223997,0.00438285
8086,,,0,2.783,0.00289666,-0.000177868
8087,,,0,2.94717,0.0038817,0.00134237
8088,,,0,3.17701,0.00158328,-0.00169811
8089,,,0,3.27552,0.00158328,0.00286261
8090,,,0,3.43969,0.00191163,-0.000177868
8091,,,0,3.66953,0.00191163,-0.00321835
8092,,,0,3.86654,0.00158328,-0.000177868
8093,,,0,3.99788,0.00355336,0.00134237
8094,,,0,4.26055,0.00158328,-0.000177868
8095,,,0,4.45756,0.00158328,0.00134237
8096,,,0,4.72024,0.00355336,-0.000177868
8097,,,0,4.88441,0.00421005,-0.000177868
8098,,,0,5.11425,0.0002699,0.00134237
8099,,,0,5.3441,0.0038817,-0.000177868
8100,,,0,5.5411,0.00421005,-0.000177868
8101,,,0,5.73811,0.00683681,-0.00169811
8102,,,0,5.93512,0.00618012,-0.000177868
8103,,,0,6.06646,0.00552343,0.00286261
8104,,,0,6.49331,0.00552343,-0.000177868
8105,,,0,6.42764,0.00486674,-0.000177868
8106,,,0,6.85449,0.00453839,-0.000177868
8107,,,0,7.01866,0.00585178,-0.00321835
8108,,,0,7.15,0.00519508,-0.000177868
8109,,,0,7.44551,0.00847854,-0.00169811
8110,,,0,7.64252,0.00847854,0.00286261
8111,,,0,7.87236,0.00585178,-0.000177868
8112,,,0,8.20071,0.00453839,-0.00169811
8113,,,0,8.49622,0.00486674,-0.000177868
8114,,,0,8.59472,0.00913523,0.00134237
8115,,,0,8.82457,0.0074935,-0.000177868
8116,,,0,9.15291,0.00650847,-0.00169811
8117,,,0,9.31709,0.00486674,-0.00169811
8118,,,0,9.48126,0.00815019,0.00286261
8119,,,0,9.84244,0.00913523,0.00438285
8120,,,0,9.97378,0.0114337,-0.00169811
8121,,,0,10.3678,0.00650847,0.00134237
8122,,,0,10.6961,0.00519508,0.00134237
8123,,,0,10.7946,0.00815019,-0.00321835
8124,,,0,11.1558,0.00946358,0.00134237
8125,,,0,11.4842,0.00946358,-0.000177868
8126,,,0,11.6483,0.0114337,0.00134237
8127,,,0,11.911,0.00815019,0.00134237
8128,,,0,12.2065,0.011762,0.00134237
8129,,,0,12.4692,0.0101203,0.00134237
8130,,,0,12.305,0.00946358,-0.000177868
8131,,,0,12.8961,0.00946358,0.00134237
8132,,,0,13.1587,0.0074935,0.00134237
8133,,,0,13.4871,0.0111053,-0.00321835
8134,,,0,13.8483,0.00847854,0.00134237
8135,,,0,13.9468,0.00979192,0.00286261
8136,,,0,14.2094,0.00880689,0.00134237
8137,,,0,14.6035,0.0074935,-0.00473859
8138,,,0,14.8005,0.00979192,-0.000177868
8139,,,0,15.0303,0.0124187,-0.000177868
8140,,,0,15.1945,0.00782185,0.00134237
8141,,,0,15.3915,0.00650847,-0.000177868
8142,,,0,15.7527,0.00913523,-0.00625883
8143,,,0,15.9497,0.00880689,-0.000177868
8144,,,0,16.2124,0.00880689,0.00134237
8145,,,0,16.475,0.0074935,-0.000177868
8146,,,0,16.7377,0.00913523,0.00134237
8147,,,0,16.8034,0.00815019,-0.000177868
8148,,,0,17.1317,0.00683681,0.00134237
8149,,,0,17.3287,0.00782185,-0.00169811
8150,,,0,17.5586,0.0074935,-0.000177868
8151,,,0,17.6899,0.00847854,-0.00169811
8152,,,0,18.0511,0.00683681,-0.00169811
8153,,,0,18.2481,0.00519508,-0.000177868
8154,,,0,18.3138,0.00585178,-0.000177868
8155,,,0,18.5108,0.00946358,0.00134237
8156,,,0,18.7406,0.00913523,0.00134237
8157,,,0,19.0361,0.00815019,-0.00169811
8158,,,0,19.1018,0.00880689,-0.00321835
8159,,,0,19.1675,0.00618012,0.00286261
8160,,,0,19.3973,0.00946358,0.00134237
8161,,,0,19.3645,0.00913523,-0.00169811
8162,,,0,19.7913,0.00782185,-0.00169811
8163,,,0,19.857,0.00683681,-0.000177868
8164,,,0,20.1197,0.00946358,-0.000177868
8165,,,0,20.4152,0.0074935,0.00286261
8166,,,0,20.251,0.0074935,-0.000177868
8167,,,0,20.3495,0.0074935,-0.000177868
8168,,,0,20.645,0.00618012,-0.000177868
8169,,,0,20.6779,0.0074935,0.00134237
8170,,,0,20.9077,0.00815019,-0.00169811
8171,,,0,21.0062,0.00946358,0.00134237
8172,,,0,21.1375,0.00782185,-0.000177868
8173,,,0,21.4002,0.00421005,-0.000177868
8174,,,0,21.5644,0.00815019,0.00286261
8175,,,0,21.6957,0.00519508,-0.00169811
8176,,,0,21.8927,0.00683681,0.00286261
8177,,,0,21.8599,0.00683681,0.00134237
8178,,,0,22.2211,0.00650847,0.00438285
8179,,,0,22.3196,0.00716516,0.00438285
8180,,,0,22.4181,0.00716516,0.00134237
8181,,,0,22.5823,0.00650847,-0.00169811
8182,,,0,22.8121,0.00453839,0.00134237
8183,,,0,22.9106,0.0074935,0.00134237
8184,,,0,23.0091,0.00650847,-0.00473859
8185,,,0,23.239,0.00782185,-0.000177868
8186,,,0,23.4688,0.00453839,-0.00321835
8187,,,0,23.5345,0.00585178,-0.000177868
8188,,,0,23.7315,0.00650847,-0.000177868
8189,,,0,23.9285,0.00585178,0.00286261
8190,,,0,24.1255,0.00683681,-0.000177868
8191,,,0,24.224,0.00552343,-0.00169811
8192,,,0,24.618,0.00322501,-0.000177868
8193,,,0,24.4538,0.00519508,-0.00169811
8194,,,0,24.7165,0.00650847,0.00134237
8195,,,0,24.7494,0.00486674,-0.00321835
8196,,,0,24.9464,0.0002699,-0.000177868
8197,,,0,25.1762,0.00453839,0.00134237
8198,,,0,25.209,0.00223997,0.00134237
8199,,,0,25.4389,0.00355336,-0.000177868
8200,,,0,25.8329,0.00322501,-0.00169811
8201,,,0,25.6687,0.000598246,-0.000177868
8202,,,0,25.7016,0.00355336,-0.00473859
8203,,,0,26.2598,0.000598246,0.00134237
8204,,,0,26.0299,0.00223997,-0.00321835
8205,,,0,26.1612,0.00322501,-0.00169811
8206,,,0,26.0299,0.00486674,-0.00169811
8207,,,0,26.0956,0.00322501,-0.000177868
8208,,,0,26.0627,0.000598246,-0.00169811
8209,,,0,26.2269,0.00223997,-0.00169811
8210,,,0,26.4239,0.00256832,-0.000177868
8211,,,0,26.5224,0.00256832,-0.00169811
8212,,,0,26.4239,0.00355336,0.00134237
8213,,,0,26.5553,0.00158328,-0.00169811
8214,,,0,26.6209,0.00552343,-0.00321835
8215,,,0,26.6866,0.00716516,-0.000177868
8216,,,0,26.7194,0.00453839,-0.000177868
8217,,,0,26.6866,0.00256832,-0.000177868
8218,,,0,26.8836,0.00289666,-0.000177868
8219,,,0,26.9164,0.00421005,0.00286261
8220,,,0,26.9164,0.0038817,-0.000177868
8221,,,0,27.0478,0.00421005,-0.000177868
8222,,,0,27.0478,0.00552343,-0.000177868
8223,,,0,27.1791,0.00585178,-0.00169811
8224,,,0,27.1135,0.00289666,-0.00473859
8225,,,0,26.9821,0.00289666,0.00134237
8226,,,0,27.0806,0.00421005,0.00286261
8227,,,0,27.1135,0.0038817,-0.000177868
8228,,,0,27.1135,0.00191163,-0.00473859
8229,,,0,27.212,0.00289666,0.00134237
8230,,,0,27.1791,0.00650847,-0.00169811
8231,,,0,27.1791,0.00519508,0.00134237
8232,,,0,27.212,0.00125494,-0.000177868
8233,,,0,27.3105,-0.000715137,0.00134237
8234,,,0,27.3105,-0.000386791,-0.000177868
8235,,,0,27.2448,0.00256832,-0.00321835
8236,,,0,27.2776,0.00289666,-0.000177868
8237,,,0,27.2776,0.00125494,-0.00169811
8238,,,0,27.3105,-5.84455e-05,0.00134237
8239,,,0,27.1791,0.00289666,0.00134237
8240,,,0,27.2776,0.00191163,-0.00169811
8241,,,0,27.2448,0.00191163,-0.00169811
8242,,,0,27.2448,-0.00170017,0.00286261
8243,,,0,27.2776,0.00256832,0.00286261
8244,,,0,27.1463,0.00519508,-0.000177868
8245,,,0,27.212,0.00421005,-0.000177868
8246,,,0,27.0806,0.00256832,-0.00169811
8247,,,0,27.0806,0.000926591,0.00286261
8248,,,0,26.9164,0.0002699,0.00134237
8249,,,0,27.0478,0.00191163,-0.000177868
8250,,,0,27.0478,0.0038817,-0.00169811
8251,,,0,27.0478,0.00355336,-0.00169811
8252,,,0,27.0478,0.000926591,-0.000177868
8253,,,0,26.9821,0.00289666,-0.00169811
8254,,,0,26.9493,0.00256832,0.00438285
8255,,,0,27.0149,0.000926591,-0.00169811
8256,,,0,27.0806,0.000598246,0.00134237
8257,,,0,27.1135,-0.00137183,-0.00169811
8258,,,0,27.0806,-5.84455e-05,0.00134237
8259,,,0,27.0806,0.00421005,-0.000177868
8260,,,0,27.1791,0.00289666,0.00134237
8261,,,0,27.1463,0.0038817,-0.000177868
8262,,,0,27.1463,0.00125494,0.00134237
8263,,,0,27.1135,0.000926591,0.00134237
8264,,,0,27.2448,0.000598246,-0.00321835
8265,,,0,27.2448,0.000598246,-0.000177868
8266,,,0,27.1463,0.00191163,-0.000177868
8267,,,0,27.212,0.00191163,-0.000177868
8268,,,0,27.0806,0.00158328,-0.00169811
8269,,,0,27.1135,0.00191163,0.00134237
8270,,,0,27.1135,0.00125494,-0.000177868
8271,,,0,27.1135,0.00125494,-0.000177868
8272,,,0,26.9821,0.00158328,0.00134237
8273,,,0,26.9821,0.00223997,-0.000177868
8274,,,0,26.9493,0.00355336,-0.000177868
8275,,,0,27.1135,0.00289666,0.00286261
8276,,,0,26.9164,0.00223997,-0.00169811
8277,,,0,26.8179,0.00125494,0.00134237
8278,,,0,26.7523,0.00256832,-0.000177868
8279,,,0,26.8179,0.00223997,-0.000177868
8280,,,0,26.6209,0.00256832,-0.00169811
8281,,,0,26.5553,0.00191163,-0.000177868
8282,,,0,26.4239,0.00191163,-0.00169811
8283,,,0,26.2926,0.00421005,-0.000177868
8284,,,0,26.2598,0.000598246,0.00134237
8285,,,0,26.2269,0.00256832,-0.000177868
8286,,,0,26.0956,0.000926591,-0.000177868
8287,,,0,25.9314,0.000926591,-0.000177868
8288,,,0,25.9314,0.00322501,-0.000177868
8289,,,0,25.8001,0.00519508,0.00286261
8290,,,0,25.7016,0.00519508,0.00134237
8291,,,0,25.5374,0.00421005,-0.00169811
8292,,,0,25.4717,0.00191163,-0.00169811
8293,,,0,25.4061,0.00322501,0.00134237
8294,,,0,25.3075,0.00256832,0.00286261
8295,,,0,25.209,0.00552343,-0.000177868
8296,,,0,25.0777,0.00289666,0.00134237
8297,,,0,24.9792,0.00223997,-0.00169811
8298,,,0,24.815,0.00125494,0.00286261
8299,,,0,24.7494,0.00519508,-0.00169811
8300,,,0,24.7165,0.00289666,0.00134237
8301,,,0,24.6837,0.00158328,0.00286261
8302,,,0,24.5524,0.000926591,0.00286261
8303,,,0,24.4867,0.00125494,-0.00169811
8304,,,0,24.3225,0.00223997,0.00134237
8305,,,0,24.1912,0.00453839,-0.00321835
8306,,,0,23.9613,0.000598246,-0.000177868
8307,,,0,24.0927,0.000926591,-0.000177868
8308,,,0,23.7972,0.00322501,-0.00473859
8309,,,0,23.8628,0.00552343,0.00286261
8310,,,0,23.7972,0.00256832,0.00134237
8311,,,0,23.6987,0.00256832,-0.00321835
8312,,,0,23.5345,0.00191163,0.00134237
8313,,,0,23.5016,0.00322501,0.00742334
8314,,,0,23.5673,0.00486674,-0.000177868
8315,,,0,23.3703,0.00486674,0.00134237
8316,,,0,23.3375,0.00289666,-0.00321835
8317,,,0,23.3375,0.00519508,-0.00169811
8318,,,0,23.0748,0.00322501,-0.000177868
8319,,,0,23.042,0.00716516,-0.000177868
8320,,,0,22.9435,0.00453839,0.00134237
8321,,,0,22.8121,0.00618012,-0.000177868
8322,,,0,22.7464,0.00552343,-0.00169811
8323,,,0,22.6808,0.00519508,-0.000177868
8324,,,0,22.5166,0.00421005,-0.00321835
8325,,,0,22.4509,0.00486674,-0.000177868
8326,,,0,22.3196,0.00421005,-0.00169811
8327,,,0,22.2868,0.00421005,-0.000177868
8328,,,0,22.1883,0.00453839,-0.00169811
8329,,,0,22.0569,0.00552343,-0.00321835
8330,,,0,21.9912,0.00453839,-0.00169811
8331,,,0,21.8927,0.00355336,-0.00169811
8332,,,0,21.7286,0.00256832,-0.00169811
8333,,,0,21.6957,0.0074935,-0.000177868
8334,,,0,21.6629,0.00683681,-0.000177868
8335,,,0,21.5316,0.00421005,0.00134237
8336,,,0,21.5316,0.00782185,-0.000177868
8337,,,0,21.4331,0.00519508,0.00134237
8338,,,0,21.1375,0.00486674,-0.000177868
8339,,,0,21.1704,0.0038817,-0.00321835
8340,,,0,21.0719,0.0038817,-0.000177868
8341,,,0,21.0719,0.0038817,0.0059031
8342,,,0,20.9077,0.00256832,-0.000177868
8343,,,0,20.8092,0.00355336,-0.00169811
8344,,,0,20.7764,0.00486674,-0.00321835
8345,,,0,20.7435,0.00256832,0.00134237
8346,,,0,20.6122,0.00650847,-0.000177868
8347,,,0,20.4152,0.00650847,0.00134237
8348,,,0,20.5137,0.00453839,0.00134237
8349,,,0,20.3495,0.00158328,-0.00169811
8350,,,0,20.4152,0.00650847,-0.000177868
8351,,,0,20.1525,0.00716516,0.00286261
8352,,,0,20.1525,0.00618012,-0.000177868
8353,,,0,20.0212,0.00453839,0.00286261
8354,,,0,19.857,0.00486674,0.00134237
8355,,,0,19.7913,0.0074935,0.00134237
8356,,,0,19.6928,0.00683681,-0.000177868
8357,,,0,19.5943,0.00618012,-0.000177868
8358,,,0,19.463,0.00552343,-0.000177868
8359,,,0,19.3316,0.00650847,-0.00473859
8360,,,0,19.3316,0.00453839,-0.000177868
8361,,,0,19.1018,0.0038817,-0.00169811
8362,,,0,18.9705,0.000926591,-0.000177868
8363,,,0,18.8391,-0.00137183,-0.00321835
8364,,,0,18.7735,-0.000715137,-0.000177868
8365,,,0,18.6421,0.00125494,0.00134237
8366,,,0,18.4123,0.00256832,-0.000177868
8367,,,0,18.2153,0.0002699,-0.000177868
8368,,,0,18.1824,-5.84455e-05,-0.00169811
8369,,,0,18.0183,0.00125494,-0.0108196
8370,,,0,17.9198,0.00158328,-0.000177868
8371,,,0,17.7884,0.0038817,-0.000177868
8372,,,0,17.7556,0.000598246,-0.000177868
8373,,,0,17.3616,0.00355336,-0.00169811
8374,,,0,17.3944,0.0002699,0.00134237
8375,,,0,17.2959,0.000926591,-0.000177868
8376,,,0,17.1646,-0.00170017,-0.00169811
8377,,,0,17.2302,0.000926591,-0.000177868
8378,,,0,17.1317,0.00125494,0.00438285
8379,,,0,16.9347,-0.00104348,0.00134237
8380,,,0,16.8362,0.000926591,-0.00169811
8381,,,0,16.7049,-5.84455e-05,-0.000177868
8382,,,0,16.6064,0.000926591,-0.000177868
8383,,,0,16.6064,-0.00104348,-0.00169811
8384,,,0,16.5079,0.00191163,-0.000177868
8385,,,0,16.3437,0.00289666,-0.00169811
8386,,,0,16.3109,0.00158328,-0.00321835
8387,,,0,16.1795,0.000926591,0.00134237
8388,,,0,16.2124,-0.000715137,0.00286261
8389,,,0,16.278,0.0002699,-0.00169811
8390,,,0,16.2452,-0.00137183,-0.000177868
8391,,,0,15.9497,-0.00104348,-0.00169811
8392,,,0,15.884,-5.84455e-05,-0.000177868
8393,,,0,15.7855,0.0002699,-0.00321835
8394,,,0,15.884,0.0002699,0.00134237
8395,,,0,15.6213,-0.000386791,-0.000177868
8396,,,0,15.7527,-0.00235686,-0.00169811
8397,,,0,15.7198,0.00191163,-0.000177868
8398,,,0,15.5557,-0.00137183,0.00286261
8399,,,0,15.4572,-0.00235686,-0.000177868
8400,,,0,15.4243,-0.00498363,-0.00169811
8401,,,0,15.4243,0.00125494,-0.00169811
8402,,,0,15.2273,-0.00104348,-0.000177868
8403,,,0,15.2273,-0.0033419,-0.000177868
8404,,,0,15.1945,0.000926591,0.00438285
8405,,,0,15.1945,-0.00301356,0.00134237
8406,,,0,14.9646,-0.00399859,-0.00169811
8407,,,0,14.8333,-0.00268521,0.00438285
8408,,,0,14.6691,-0.00202852,-0.00321835
8409,,,0,14.8005,-0.00235686,-0.000177868
8410,,,0,14.5378,-0.00301356,-0.00321835
8411,,,0,14.505,-0.00268521,0.00134237
8412,,,0,14.3736,-0.00137183,-0.000177868
8413,,,0,14.2094,-0.00301356,-0.00321835
8414,,,0,14.3736,-0.00367025,0.00134237
8415,,,0,14.1109,-0.00202852,-0.000177868
8416,,,0,13.9796,-0.00137183,0.00134237
8417,,,0,13.9468,-0.00367025,-0.000177868
8418,,,0,13.8154,-0.00268521,-0.00321835
8419,,,0,14.0124,-0.00367025,-0.000177868
8420,,,0,13.6841,-0.00202852,-0.000177868
8421,,,0,13.4871,-0.00301356,-0.00169811
8422,,,0,13.3557,-0.00498363,0.00134237
8423,,,0,13.2572,-0.00564032,-0.000177868
8424,,,0,13.1587,-0.00399859,0.00134237
8425,,,0,13.2572,-0.00432694,-0.00169811
8426,,,0,12.9617,-0.00564032,0.00134237
8427,,,0,12.8632,-0.00531198,-0.00169811
8428,,,0,12.7319,-0.00662536,-0.00169811
8429,,,0,12.6334,-0.00596867,-0.00473859
8430,,,0,12.6005,-0.00596867,0.00134237
8431,,,0,12.4692,-0.00399859,-0.00169811
8432,,,0,12.305,-0.00498363,-0.00473859
8433,,,0,12.1737,-0.00662536,-0.000177868
8434,,,0,12.2065,-0.00432694,0.00438285
8435,,,0,11.7797,-0.00564032,-0.00169811
8436,,,0,12.0095,-0.00629701,0.00286261
8437,,,0,11.9439,-0.00826709,0.00134237
8438,,,0,11.8454,-0.00793874,0.00134237
8439,,,0,11.6483,-0.00793874,-0.00321835
8440,,,0,11.6483,-0.00662536,0.00134237
8441,,,0,11.517,-0.00761039,-0.00169811
8442,,,0,11.1887,-0.00793874,-0.000177868
8443,,,0,11.3528,-0.00596867,0.0059031
8444,,,0,11.2872,-0.00498363,0.00134237
8445,,,0,11.123,-0.00202852,-0.00169811
8446,,,0,11.0573,-0.00629701,-0.000177868
8447,,,0,10.9917,-0.00793874,-0.000177868
8448,,,0,10.926,-0.00990881,-0.000177868
8449,,,0,10.729,-0.00892378,-0.000177868
8450,,,0,10.6961,-0.0069537,-0.00169811
8451,,,0,10.532,-0.0069537,-0.000177868
8452,,,0,10.532,-0.0069537,-0.000177868
8453,,,0,10.0723,-0.00629701,-0.000177868
8454,,,0,10.4006,-0.00531198,-0.000177868
8455,,,0,10.3021,-0.00662536,-0.000177868
8456,,,0,10.2365,-0.00728205,-0.000177868
8457,,,0,10.0723,-0.00859543,0.00134237
8458,,,0,10.1708,-0.00629701,-0.000177868
8459,,,0,10.2365,-0.00596867,0.00134237
8460,,,0,10.1708,-0.00531198,-0.000177868
8461,,,0,10.138,-0.00531198,-0.00169811
8462,,,0,10.138,-0.00761039,0.00286261
8463,,,0,9.94094,-0.00596867,0.00134237
8464,,,0,9.77677,-0.00629701,-0.000177868
8465,,,0,10.0394,-0.0069537,-0.00169811
8466,,,0,9.90811,-0.00728205,-0.00169811
8467,,,0,9.90811,-0.00990881,0.00134237
8468,,,0,9.84244,-0.0102372,-0.000177868
8469,,,0,9.74394,-0.00826709,-0.000177868
8470,,,0,9.90811,-0.00596867,0.00134237
8471,,,0,9.8096,-0.00892378,-0.000177868
8472,,,0,9.8096,-0.0069537,0.00286261
8473,,,0,9.64543,-0.00793874,0.00438285
8474,,,0,9.67827,-0.0069537,-0.00169811
8475,,,0,9.67827,-0.00432694,-0.00321835
8476,,,0,9.48126,-0.00826709,0.00438285
8477,,,0,9.54693,-0.00596867,-0.00169811
8478,,,0,9.51409,-0.00596867,-0.000177868
8479,,,0,9.31709,-0.00432694,0.00134237
8480,,,0,9.28425,-0.0033419,0.00286261
8481,,,0,9.28425,-0.00367025,-0.00169811
8482,,,0,9.12008,-0.00629701,-0.000177868
8483,,,0,9.18575,-0.00432694,0.00134237
8484,,,0,8.9559,-0.00399859,0.00286261
8485,,,0,8.89024,-0.00399859,-0.00169811
8486,,,0,8.82457,-0.00564032,-0.000177868
8487,,,0,8.69323,-0.00367025,-0.000177868
8488,,,0,8.56189,-0.0033419,-0.000177868
8489,,,0,8.49622,-0.0033419,0.00438285
8490,,,0,8.46339,-0.00235686,-0.000177868
8491,,,0,8.33205,-0.00498363,-0.00169811
8492,,,0,8.06937,-0.00761039,-0.00169811
8493,,,0,7.97087,-0.00629701,-0.00473859
8494,,,0,8.0037,-0.0033419,-0.00169811
8495,,,0,7.87236,-0.0069537,0.00134237
8496,,,0,7.83953,-0.00432694,-0.00169811
8497,,,0,7.60969,-0.00531198,-0.00169811
8498,,,0,8.1022,-0.0069537,0.00286261
8499,,,0,7.51118,-0.00432694,-0.000177868
8500,,,0,7.34701,-0.00662536,-0.00169811
8501,,,0,7.34701,-0.00596867,-0.000177868
8502,,,0,7.31417,-0.00662536,-0.000177868
8503,,,0,7.31417,-0.00564032,-0.00169811
8504,,,0,7.11717,-0.00465528,-0.000177868
8505,,,0,7.0515,-0.00399859,-0.000177868
8506,,,0,6.98583,-0.00662536,0.0059031
8507,,,0,6.95299,-0.00564032,-0.00473859
8508,,,0,6.82165,-0.00399859,-0.000177868
8509,,,0,6.75599,-0.00301356,-0.00169811
8510,,,0,6.88732,-0.00564032,0.00134237
8511,,,0,6.69032,-0.00629701,-0.000177868
8512,,,0,6.59181,-0.0033419,0.00134237
8513,,,0,6.59181,-0.00235686,-0.00777907
8514,,,0,6.42764,-0.00202852,-0.000177868
8515,,,0,6.49331,-0.00465528,-0.00169811
8516,,,0,6.55898,-0.00465528,-0.00169811
8517,,,0,6.3948,-0.00498363,-0.00169811
8518,,,0,6.32914,-0.00531198,0.00286261
8519,,,0,6.23063,-0.00531198,-0.000177868
8520,,,0,6.52614,-0.00465528,-0.000177868
8521,,,0,6.32914,-0.00367025,0.00134237
8522,,,0,6.26347,-0.00531198,-0.000177868
8523,,,0,6.16496,-0.00432694,0.00134237
8524,,,0,6.16496,-0.00104348,-0.000177868
8525,,,0,6.03362,-5.84455e-05,-0.000177868
8526,,,0,5.93512,-0.00137183,-0.00169811
8527,,,0,6.00079,-0.00137183,0.00286261
8528,,,0,5.93512,-0.00465528,-0.00169811
8529,,,0,5.90229,-0.00465528,0.00134237
8530,,,0,5.90229,-0.00104348,0.00134237
8531,,,0,5.86945,-0.000386791,0.00134237
8532,,,0,5.77095,-0.0033419,-0.000177868
8533,,,0,5.70528,-0.00268521,0.00134237
8534,,,0,5.73811,-0.00301356,-0.00473859
8535,,,0,5.67244,-0.00235686,-0.00625883
8536,,,0,5.50827,-0.00399859,0.00134237
8537,,,0,5.4426,-0.00596867,-0.000177868
8538,,,0,5.57394,-0.00564032,-0.000177868
8539,,,0,5.47544,-0.00137183,-0.00169811
8540,,,0,5.27843,-0.00399859,0.00438285
8541,,,0,5.37693,-0.00564032,0.00134237
8542,,,0,5.3441,-0.00596867,-0.000177868
8543,,,0,5.31126,-0.00367025,0.00134237
8544,,,0,5.5411,-0.00170017,-0.00169811
8545,,,0,5.08142,-0.00268521,-0.00169811
8546,,,0,5.17992,-0.00235686,-0.00169811
8547,,,0,5.11425,-0.00202852,-0.00169811
8548,,,0,5.17992,-0.00301356,-0.00169811
8549,,,0,5.11425,-0.00268521,-0.000177868
8550,,,0,5.01575,-0.00367025,-0.000177868
8551,,,0,4.95008,-0.00564032,0.00134237
8552,,,0,4.95008,-0.0069537,-0.000177868
8553,,,0,4.85158,-0.00367025,0.00134237
8554,,,0,4.81874,-0.000715137,-0.000177868
8555,,,0,4.72024,-0.0033419,-0.000177868
8556,,,0,4.6874,-0.00498363,-0.000177868
8557,,,0,4.19488,-0.00596867,0.00134237
8558,,,0,4.35906,-0.00531198,0.00134237
8559,,,0,4.35906,-0.00432694,-0.000177868
8560,,,0,4.29339,-0.000715137,-0.000177868
8561,,,0,4.22772,-0.00301356,0.00286261
8562,,,0,4.16205,-0.00465528,-0.000177868
8563,,,0,4.03071,-0.0033419,-0.00169811
8564,,,0,3.86654,-0.0033419,-0.000177868
8565,,,0,3.76803,-0.00465528,0.00134237
8566,,,0,3.66953,-0.00498363,-0.00321835
8567,,,0,3.57103,-0.00465528,-0.00169811
8568,,,0,3.50536,-0.00170017,-0.00777907
8569,,,0,3.27552,-0.00268521,0.00134237
8570,,,0,3.34118,-0.00465528,0.00286261
8571,,,0,3.17701,-0.00629701,0.00438285
8572,,,0,3.24268,-0.00399859,-0.000177868
8573,,,0,3.01284,-0.00137183,0.00438285
8574,,,0,3.01284,-0.00301356,-0.000177868
8575,,,0,2.84867,-0.00399859,0.00134237
8576,,,0,2.75016,-0.00564032,-0.000177868
8577,,,0,2.783,-0.00564032,-0.00321835
8578,,,0,2.75016,-0.00432694,0.00286261
8579,,,0,2.61882,-0.00432694,-0.00169811
8580,,,0,2.55315,-0.00301356,-0.000177868
8581,,,0,2.68449,-0.00465528,-0.00169811
8582,,,0,2.65166,-0.00170017,0.00894358
8583,,,0,2.52032,-0.00498363,0.00134237
8584,,,0,2.52032,-0.00498363,-0.000177868
8585,,,0,2.68449,-0.00629701,-0.00321835
8586,,,0,2.52032,-0.00170017,0.00134237
8587,,,0,2.38898,-0.00235686,-0.000177868
8588,,,0,2.32331,-0.00235686,0.00134237
8589,,,0,2.45465,-0.00761039,-0.000177868
8590,,,0,2.38898,-0.00826709,0.00134237
8591,,,0,2.35615,-0.00367025,-0.00321835
8592,,,0,2.38898,-0.0033419,0.00286261
8593,,,0,2.19197,-0.00531198,-0.00777907
8594,,,0,2.25764,-0.00531198,-0.000177868
8595,,,0,2.35615,-0.00268521,-0.00169811
8596,,,0,2.52032,-0.00596867,-0.000177868
8597,,,0,2.32331,-0.00662536,-0.00169811
8598,,,0,2.15914,-0.00465528,-0.000177868
8599,,,0,2.29048,-0.00958047,0.00286261
8600,,,0,2.19197,-0.00399859,0.00134237
8601,,,0,1.99497,-0.00465528,-0.00625883
8602,,,0,2.32331,-0.00826709,0.00134237
8603,,,0,2.19197,-0.00662536,-0.000177868
8604,,,0,2.15914,-0.00826709,0.00438285
8605,,,0,2.09347,-0.00531198,0.00286261
8606,,,0,2.22481,-0.00564032,0.00134237
8607,,,0,2.1263,-0.00531198,0.00134237
8608,,,0,2.09347,-0.00925212,-0.00169811
8609,,,0,2.1263,-0.00728205,0.00134237
8610,,,0,2.06063,-0.00432694,-0.000177868
8611,,,0,1.96213,-0.00596867,0.00134237
8612,,,0,1.96213,-0.00793874,-0.000177868
8613,,,0,1.89646,-0.0108939,-0.00169811
8614,,,0,1.96213,-0.00892378,0.00134237
8615,,,0,1.79796,-0.00531198,-0.00169811
8616,,,0,1.83079,-0.00761039,-0.000177868
8617,,,0,1.76512,-0.00859543,-0.000177868
8618,,,0,1.79796,-0.00859543,0.00134237
8619,,,0,1.69945,-0.00826709,0.00134237
8620,,,0,1.63378,-0.00596867,-0.00321835
8621,,,0,1.60095,-0.00826709,0.00134237
8622,,,0,1.46961,-0.00761039,0.00286261
8623,,,0,1.37111,-0.00793874,0.00134237
8624,,,0,1.56812,-0.00596867,-0.00321835
8625,,,0,1.43678,-0.00596867,0.00286261
8626,,,0,1.53528,-0.00958047,-0.000177868
8627,,,0,1.37111,-0.00925212,0.00286261
8628,,,0,1.20693,-0.00564032,-0.00169811
8629,,,0,1.40394,-0.00564032,0.00134237
8630,,,0,1.14127,-0.0069537,-0.00169811
8631,,,0,1.20693,-0.00793874,0.00134237
8632,,,0,1.33827,-0.0112222,-0.00169811
8633,,,0,1.1741,-0.0105655,0.00134237
8634,,,0,1.20693,-0.0069537,-0.00321835
8635,,,0,1.0756,-0.00629701,-0.000177868
8636,,,0,1.00993,-0.00990881,0.00134237
8637,,,0,1.0756,-0.00892378,-0.00321835
8638,,,0,0.977093,-0.00629701,-0.00625883
8639,,,0,0.845754,-0.00662536,-0.00169811
8640,,,0,0.944258,-0.00662536,-0.000177868
8641,,,0,0.812919,-0.00826709,0.00286261
8642,,,0,1.00993,-0.00761039,-0.00473859
8643,,,0,0.845754,-0.00859543,0.00134237
8644,,,0,0.812919,-0.00465528,0.00134237
8645,,,0,0.681581,-0.0069537,-0.000177868
8646,,,0,0.812919,-0.00531198,0.00134237
8647,,,0,0.74725,-0.00662536,-0.00169811
8648,,,0,0.615912,-0.00596867,-0.00473859
8649,,,0,0.648746,-0.00662536,-0.000177868
8650,,,0,0.845754,-0.00662536,-0.00169811
8651,,,0,0.583077,-0.00564032,0.00134237
8652,,,0,0.615912,-0.00564032,0.00134237
8653,,,0,0.648746,-0.00662536,-0.00321835
8654,,,0,0.583077,-0.0069537,-0.00169811
8655,,,0,0.681581,-0.00531198,0.00134237
8656,,,0,0.681581,-0.00432694,0.0059031
8657,,,0,0.648746,-0.00564032,0.00134237
8658,,,0,0.648746,-0.00892378,-0.000177868
8659,,,0,0.845754,-0.00564032,0.00134237
8660,,,0,0.74725,-0.0069537,-0.00169811
8661,,,0,0.878589,-0.00564032,-0.00169811
8662,,,0,0.977093,-0.00629701,0.00134237
8663,,,0,1.04276,-0.00662536,0.00134237
8664,,,0,1.04276,-0.00662536,-0.000177868
8665,,,0,1.0756,-0.00596867,-0.000177868
8666,,,0,1.10843,-0.00465528,0.00134237
8667,,,0,1.1741,-0.00531198,-0.000177868
8668,,,0,1.23977,-0.00531198,0.00134237
8669,,,0,1.20693,-0.00564032,0.00286261
8670,,,0,1.2726,-0.00564032,0.00134237
8671,,,0,1.50245,-0.0033419,0.00134237
8672,,,0,1.23977,-0.00367025,-0.000177868
8673,,,0,1.50245,-0.00629701,-0.000177868
8674,,,0,1.23977,-0.00728205,0.00134237
8675,,,0,1.23977,-0.00399859,0.00134237
8676,,,0,1.23977,-0.00367025,-0.000177868
8677,,,0,1.30544,-0.00301356,-0.000177868
8678,,,0,1.2726,-0.00728205,-0.000177868
8679,,,0,1.20693,-0.00432694,-0.00169811
8680,,,0,1.2726,-0.00399859,-0.000177868
8681,,,0,1.23977,-0.00268521,-0.000177868
8682,,,0,1.37111,-0.00629701,0.00134237
8683,,,0,1.37111,-0.00564032,0.00134237
8684,,,0,1.1741,-0.00399859,-0.00169811
8685,,,0,0.878589,-0.00596867,-0.000177868
8686,,,0,1.33827,-0.00367025,-0.00169811
8687,,,0,1.14127,-0.00761039,-0.00169811
8688,,,0,1.20693,-0.00301356,0.00286261
8689,,,0,1.20693,-0.00367025,0.00134237
8690,,,0,1.14127,-0.00826709,-0.000177868
8691,,,0,1.0756,-0.00432694,0.00134237
8692,,,0,1.23977,-0.00301356,-0.00169811
8693,,,0,1.0756,-0.00137183,-0.00321835
8694,,,0,1.00993,-0.00465528,-0.00169811
8695,,,0,1.23977,-0.00367025,-0.000177868
8696,,,0,1.04276,-0.00564032,-0.000177868
8697,,,0,0.977093,-0.00564032,-0.000177868
8698,,,0,0.977093,-0.00301356,0.00286261
8699,,,0,0.780085,-0.00202852,0.00286261
8700,,,0,0.911423,-0.000386791,-0.00321835
8701,,,0,0.944258,-0.00399859,-0.000177868
8702,,,0,0.878589,-0.00432694,0.00134237
8703,,,0,0.845754,-0.00564032,-0.000177868
8704,,,0,0.944258,-5.84455e-05,-0.000177868
8705,,,0,0.845754,-0.00137183,-0.000177868
8706,,,0,0.845754,-0.00202852,0.00286261
8707,,,0,0.878589,-0.00498363,-0.000177868
8708,,,0,0.977093,-0.00235686,0.00134237
8709,,,0,0.878589,-0.000386791,0.00134237
8710,,,0,0.878589,-0.00137183,-0.00169811
8711,,,0,0.911423,-0.00202852,-0.00473859
8712,,,0,1.00993,-0.00104348,0.00134237
8713,,,0,0.944258,-0.000715137,-0.000177868
8714,,,0,0.845754,0.00289666,-0.000177868
8715,,,0,0.911423,-0.00137183,-0.00169811
8716,,,0,0.845754,-0.000386791,0.00134237
8717,,,0,0.845754,-0.00170017,-0.00169811
8718,,,0,0.714416,0.00191163,-0.000177868
8719,,,0,0.845754,0.00355336,0.00134237
8720,,,0,0.714416,0.00191163,-0.000177868
8721,,,0,0.780085,0.00289666,-0.000177868
8722,,,0,0.451739,0.00125494,0.00134237
8723,,,0,0.780085,0.00191163,-0.000177868
8724,,,0,0.812919,0.00552343,-0.000177868
8725,,,0,0.845754,0.00256832,-0.000177868
8726,,,0,0.878589,0.00322501,-0.00169811
8727,,,0,0.845754,0.00125494,-0.000177868
8728,,,0,0.878589,0.00322501,0.00134237
8729,,,0,0.74725,0.0038817,-0.000177868
8730,,,0,1.04276,0.00618012,-0.00169811
8731,,,0,0.977093,0.00421005,0.00742334
8732,,,0,1.04276,0.00191163,-0.000177868
8733,,,0,0.977093,0.00191163,0.00286261
8734,,,0,0.977093,0.00355336,-0.000177868
8735,,,0,1.30544,0.00355336,-0.00321835
8736,,,0,1.00993,0.00191163,0.00286261
8737,,,0,1.10843,0.00453839,-0.000177868
8738,,,0,1.20693,0.00355336,-0.00321835
8739,,,0,1.10843,0.00355336,-0.00169811
8740,,,0,1.1741,0.00289666,-0.000177868
8741,,,0,1.04276,-0.000386791,0.00438285
8742,,,0,1.30544,0.00125494,0.00134237
8743,,,0,1.30544,-5.84455e-05,-0.00169811
8744,,,0,1.2726,0.00191163,-0.00169811
8745,,,0,1.33827,0.00256832,-0.00169811
8746,,,0,1.00993,0.00256832,-0.00169811
8747,,,0,1.37111,0.000926591,-0.000177868
8748,,,0,1.33827,0.00256832,0.00438285
8749,,,0,1.37111,0.00519508,0.00742334
8750,,,0,1.37111,0.00519508,-0.000177868
8751,,,0,1.37111,0.00486674,-0.000177868
8752,,,0,1.37111,0.00191163,-0.000177868
8753,,,0,1.46961,0.0038817,0.00286261
8754,,,0,1.40394,0.00355336,-0.000177868
8755,,,0,1.30544,0.00421005,0.00286261
8756,,,0,1.30544,0.00322501,-0.00321835
8757,,,0,1.0756,0.00191163,-0.00169811
8758,,,0,1.14127,0.00223997,-0.00321835
8759,,,0,1.20693,0.00289666,-0.00169811
8760,,,0,1.14127,0.00223997,-0.00321835
8761,,,0,1.14127,0.00453839,-0.00321835
8762,,,0,1.0756,0.00256832,0.00134237
8763,,,0,0.944258,-5.84455e-05,-0.00321835
8764,,,0,0.681581,0.00158328,-0.000177868
8765,,,0,0.812919,0.00223997,-0.00169811
8766,,,0,0.812919,-0.000386791,0.00286261
8767,,,0,0.714416,0.00223997,-0.00169811
8768,,,0,0.615912,0.00125494,0.00134237
8769,,,0,0.648746,0.00355336,0.00134237
8770,,,0,0.681581,0.00125494,0.00134237
8771,,,0,0.484573,0.000926591,-0.000177868
8772,,,0,0.517408,0.000926591,0.00286261
8773,,,0,0.517408,-0.000386791,0.00286261
8774,,,0,0.418904,0.00125494,-0.000177868
8775,,,0,0.353235,0.00125494,-0.000177868
8776,,,0,0.451739,0.00191163,-0.00169811
8777,,,0,0.386069,0.00256832,-0.000177868
8778,,,0,0.386069,-0.000386791,-0.00169811
8779,,,0,0.353235,0.00355336,0.00286261
8780,,,0,0.484573,0.00191163,-0.000177868
8781,,,0,0.517408,0.00191163,-0.00321835
8782,,,0,0.517408,0.0002699,-0.00169811
8783,,,0,0.451739,0.00256832,-0.000177868
8784,,,0,0.418904,0.00158328,0.00286261
8785,,,0,0.517408,0.0038817,-0.000177868
8786,,,0,0.517408,0.00322501,-0.000177868
8787,,,0,0.451739,0.0002699,0.00286261
8788,,,0,0.451739,0.00191163,-0.00321835
8789,,,0,0.484573,0.00486674,-0.00321835
8790,,,0,0.451739,0.00453839,0.00134237
8791,,,0,0.451739,0.00256832,-0.00169811
8792,,,0,0.484573,0.00125494,-0.000177868
8793,,,0,0.418904,0.00421005,-0.000177868
8794,,,0,0.484573,0.00289666,0.00134237
8795,,,0,0.648746,0.00158328,-0.00169811
8796,,,0,0.517408,-0.000386791,-0.000177868
8797,,,0,0.451739,0.0002699,-0.000177868
8798,,,0,0.484573,0.00322501,0.00286261
8799,,,0,0.714416,0.00158328,-0.000177868
8800,,,0,0.648746,-0.000715137,-0.000177868
8801,,,0,0.550242,-0.00235686,0.00134237
8802,,,0,0.911423,-0.00137183,-0.00169811
8803,,,0,0.517408,-0.000386791,0.00134237
8804,,,0,0.517408,0.00125494,-0.000177868
8805,,,0,0.550242,0.00158328,-0.000177868
8806,,,0,0.615912,-0.00170017,-0.000177868
8807,,,0,1.00993,-0.00170017,0.00286261
8808,,,0,0.615912,0.000598246,-0.00169811
8809,,,0,0.681581,0.0038817,-0.00169811
8810,,,0,0.484573,0.00256832,-0.00169811
8811,,,0,0.681581,-0.00170017,-0.00321835
8812,,,0,0.583077,-0.00104348,-0.000177868
8813,,,0,0.780085,0.00158328,-0.000177868
8814,,,0,0.517408,0.00256832,-0.00169811
8815,,,0,0.648746,-5.84455e-05,-0.00321835
8816,,,0,0.615912,-0.00104348,0.00134237
8817,,,0,0.583077,-0.000386791,-0.00169811
8818,,,0,0.517408,-0.000715137,0.00438285
8819,,,0,0.517408,0.000598246,-0.000177868
8820,,,0,0.550242,-0.000386791,-0.000177868
8821,,,0,0.517408,-0.000715137,-0.00169811
8822,,,0,0.550242,-0.00170017,-0.000177868
8823,,,0,0.615912,-0.000386791,0.00134237
8824,,,0,0.517408,-0.00137183,-0.000177868
8825,,,0,0.550242,-0.00104348,-0.00169811
8826,,,0,0.517408,-0.00268521,0.00134237
8827,,,0,0.386069,0.000598246,-0.000177868
8828,,,0,0.418904,-0.000715137,-0.000177868
8829,,,0,0.484573,-0.00170017,-0.00169811
8830,,,0,0.451739,-0.00202852,0.00134237
8831,,,0,0.451739,-0.00202852,-0.000177868
8832,,,0,0.418904,0.000598246,0.0059031
8833,,,0,0.3204,-0.00170017,-0.00321835
8834,,,0,0.386069,-0.00367025,-0.000177868
8835,,,0,0.3204,-0.00367025,-0.000177868
8836,,,0,0.221896,-0.00104348,0.00438285
8837,,,0,0.189062,-0.0033419,0.00134237
8838,,,0,0.123392,-0.00531198,0.00134237
8839,,,0,0.254731,-0.00301356,-0.00169811
8840,,,0,0.156227,-0.000715137,0.00134237
8841,,,0,0.156227,-0.00170017,0.00134237
8842,,,0,0.0905579,-0.00268521,-0.000177868
8843,,,0,0.123392,-0.000386791,0.00134237
8844,,,0,-0.10645,-0.000715137,-0.000177868
8845,,,0,-0.00794598,-0.000386791,-0.000177868
8846,,,0,0.0577233,0.000598246,0.00134237
8847,,,0,-0.0407806,-0.00170017,-0.00169811
8848,,,0,-0.0736152,-0.00170017,-0.000177868
8849,,,0,-0.00794598,-0.00465528,-0.00169811
8850,,,0,-0.172119,-0.00235686,0.00134237
8851,,,0,-0.0407806,0.000598246,0.00894358
8852,,,0,-0.0407806,-0.00301356,0.00286261
8853,,,0,-0.0407806,-0.00170017,0.00134237
8854,,,0,-0.10645,-0.000715137,-0.00169811
8855,,,0,-0.10645,-0.00170017,-0.000177868
8856,,,0,-0.0736152,0.0002699,-0.000177868
8857,,,0,-0.0407806,-5.84455e-05,-0.00169811
8858,,,0,-0.00794598,-0.00268521,-0.000177868
8859,,,0,0.189062,-0.00137183,-0.000177868
8860,,,0,0.123392,0.0002699,-0.00169811
8861,,,0,0.0577233,-0.00170017,-0.000177868
8862,,,0,0.0905579,-0.0033419,0.00134237
8863,,,0,0.254731,-0.00564032,-0.00321835
8864,,,0,0.3204,-0.00170017,-0.00321835
8865,,,0,0.3204,-0.00137183,-0.00321835
8866,,,0,0.353235,-0.00465528,-0.000177868
8867,,,0,0.353235,-0.00498363,-0.000177868
8868,,,0,0.0248886,-0.00268521,0.00134237
8869,,,0,0.386069,-0.000715137,-0.00169811
8870,,,0,0.451739,-0.000386791,-0.000177868
8871,,,0,0.451739,-0.000386791,-0.00169811
8872,,,0,0.418904,-0.00465528,-0.000177868
8873,,,0,0.254731,-0.000715137,-0.000177868
8874,,,0,0.615912,0.0002699,0.00438285
8875,,,0,0.550242,-0.00235686,-0.00321835
8876,,,0,0.583077,-0.00531198,-0.000177868
8877,,,0,0.451739,-0.00662536,-0.000177868
8878,,,0,0.550242,-0.000386791,-0.000177868
8879,,,0,0.648746,0.000926591,-0.000177868
8880,,,0,0.780085,-5.84455e-05,0.00286261
8881,,,0,0.648746,-0.00235686,0.00134237
8882,,,0,0.812919,-0.00104348,0.00134237
8883,,,0,0.714416,0.00223997,-0.00321835
8884,,,0,0.648746,0.00223997,-0.00169811
8885,,,0,0.583077,0.00158328,0.00286261
8886,,,0,0.648746,-0.000715137,-0.000177868
8887,,,0,0.648746,-0.00137183,0.00134237
8888,,,0,0.583077,0.00125494,-0.00321835
8889,,,0,0.615912,0.00223997,-0.000177868
8890,,,0,0.648746,-5.84455e-05,-0.00169811
8891,,,0,0.615912,0.0002699,0.00134237
8892,,,0,0.648746,0.00191163,0.00286261
8893,,,0,0.583077,0.00158328,0.00286261
8894,,,0,0.517408,0.00158328,0.00134237
8895,,,0,0.583077,-5.84455e-05,-0.00169811
8896,,,0,0.681581,-5.84455e-05,0.00134237
8897,,,0,0.484573,0.00322501,0.00438285
8898,,,0,0.484573,0.00421005,-0.000177868
8899,,,0,0.418904,-5.84455e-05,-0.00169811
8900,,,0,0.517408,-5.84455e-05,-0.000177868
8901,,,0,0.451739,-0.000386791,-0.00169811
8902,,,0,0.386069,0.00289666,0.00134237
8903,,,0,0.353235,-0.000715137,-0.000177868
8904,,,0,0.386069,-0.00137183,0.00438285
8905,,,0,0.353235,0.0002699,-0.000177868
8906,,,0,0.123392,-0.000386791,-0.00321835
8907,,,0,0.3204,-5.84455e-05,-0.0108196
8908,,,0,0.648746,-0.000386791,-0.00169811
8909,,,0,0.287566,-0.000715137,-0.000177868
8910,,,0,0.287566,0.00158328,-0.00169811
8911,,,0,0.418904,0.00256832,-0.00169811
8912,,,0,0.189062,0.00289666,-0.00169811
8913,,,0,0.287566,0.00355336,-0.000177868
8914,,,0,0.221896,0.00256832,-0.000177868
8915,,,0,0.221896,0.00191163,-0.00169811
8916,,,0,0.0905579,0.00256832,-0.00169811
8917,,,0,0.156227,0.00223997,0.00134237
8918,,,0,0.287566,0.00191163,-0.000177868
8919,,,0,0.386069,0.00355336,-0.000177868
8920,,,0,0.156227,0.00223997,0.00286261
8921,,,0,0.221896,0.00585178,-0.000177868
8922,,,0,0.189062,0.00421005,-0.000177868
8923,,,0,0.156227,0.00355336,-0.00321835
8924,,,0,0.3204,0.00650847,0.00134237
8925,,,0,0.156227,0.00486674,-0.00169811
8926,,,0,0.156227,0.00355336,0.00134237
8927,,,0,0.221896,0.00289666,-0.00169811
8928,,,0,0.221896,0.00289666,0.00134237
8929,,,0,0.156227,0.00486674,-0.00321835
8930,,,0,0.0577233,0.00421005,-0.000177868
8931,,,0,0.221896,0.00223997,0.0059031
8932,,,0,0.156227,0.00125494,-0.00169811
8933,,,0,0.0905579,0.0002699,-0.00169811
8934,,,0,0.156227,0.00191163,-0.000177868
8935,,,0,-0.0407806,0.000926591,-0.00169811
8936,,,0,0.189062,0.00421005,0.00134237
8937,,,0,0.287566,0.00355336,-0.000177868
8938,,,0,0.583077,0.00256832,-0.000177868
8939,,,0,0.254731,0.00486674,0.00438285
8940,,,0,0.3204,0.00256832,0.00134237
8941,,,0,0.3204,-0.000715137,0.00286261
8942,,,0,0.3204,-0.0033419,-0.000177868
8943,,,0,0.3204,-0.00137183,-0.00321835
8944,,,0,0.353235,-0.00104348,-0.000177868
8945,,,0,0.3204,0.00125494,-0.00169811
8946,,,0,0.287566,0.000598246,-0.000177868
8947,,,0,0.221896,0.00256832,-0.00321835
8948,,,0,0.221896,0.00125494,-0.000177868
8949,,,0,0.386069,-0.000386791,-0.00473859
8950,,,0,0.353235,0.00158328,-0.000177868
8951,,,0,0.418904,0.00125494,-0.000177868
8952,,,0,0.386069,0.00158328,-0.00321835
8953,,,0,0.353235,0.00519508,-0.000177868
8954,,,0,0.3204,0.00355336,-0.000177868
8955,,,0,0.3204,0.00158328,-0.000177868
8956,,,0,0.287566,0.00322501,-0.00169811
8957,,,0,0.3204,0.00289666,-0.000177868
8958,,,0,0.123392,0.00322501,-0.000177868
8959,,,0,0.156227,0.00519508,-0.000177868
8960,,,0,0.123392,0.00125494,0.00134237
8961,,,0,-0.0736152,0.00191163,-0.000177868
8962,,,0,0.123392,0.00519508,0.00286261
8963,,,0,-0.172119,0.0002699,-0.000177868
8964,,,0,-0.0736152,0.00191163,0.00286261
8965,,,0,-0.0407806,0.0002699,0.00134237
8966,,,0,-0.10645,0.00223997,-0.000177868
8967,,,0,-0.204954,-0.00137183,-0.00473859
8968,,,0,-0.270623,-5.84455e-05,-0.00169811
8969,,,0,-0.401961,-0.00268521,-0.00169811
8970,,,0,-0.434796,0.000598246,-0.000177868
8971,,,0,-0.467631,0.000598246,0.00134237
8972,,,0,-0.369127,-5.84455e-05,-0.00321835
8973,,,0,-0.763142,-5.84455e-05,0.00134237
8974,,,0,-0.730308,0.00256832,-0.000177868
8975,,,0,-0.598969,0.00322501,0.00134237
8976,,,0,-0.664638,0.00158328,-0.00321835
8977,,,0,-0.566134,-5.84455e-05,-0.000177868
8978,,,0,-0.828811,0.00125494,-0.00169811
8979,,,0,-0.664638,0.00322501,0.00438285
8980,,,0,-0.664638,0.0038817,0.00134237
8981,,,0,-0.631804,0.00223997,-0.000177868
8982,,,0,-0.664638,0.00158328,-0.00169811
8983,,,0,-0.730308,-0.00137183,-0.000177868
8984,,,0,-0.763142,-5.84455e-05,-0.000177868
8985,,,0,-0.566134,0.00322501,-0.000177868
8986,,,0,-0.664638,0.00322501,0.00286261
8987,,,0,-0.500465,0.000926591,-0.00321835
8988,,,0,-0.566134,0.0002699,-0.00169811
8989,,,0,-0.566134,0.00191163,-0.000177868
8990,,,0,-0.566134,0.00223997,-0.000177868
8991,,,0,-0.598969,-5.84455e-05,-0.00321835
8992,,,0,-0.434796,-0.00268521,-0.00169811
8993,,,0,-0.5333,-0.00170017,-0.00321835
8994,,,0,-0.467631,0.00158328,-0.000177868
8995,,,0,-0.598969,0.00223997,-0.00169811
8996,,,0,-0.500465,-0.000715137,-0.00321835
8997,,,0,-0.500465,-0.00170017,0.00438285
8998,,,0,-0.500465,-0.00531198,0.00134237
8999,,,0,-0.303458,-0.00432694,-0.00321835
9000,,,0,-0.598969,-0.00170017,-0.000177868
9001,,,0,-0.467631,-0.00137183,0.00438285
9002,,,0,-0.270623,-0.00367025,0.00134237
9003,,,0,-0.369127,-0.00202852,-0.000177868
9004,,,0,-0.401961,-0.000715137,0.00438285
9005,,,0,-0.369127,-0.00235686,-0.000177868
9006,,,0,-0.434796,-0.00268521,0.00286261
9007,,,0,-0.336292,-0.00202852,0.00286261
9008,,,0,-0.434796,0.000598246,-0.000177868
9009,,,0,-0.369127,-0.00268521,-0.00169811
9010,,,0,-0.369127,-0.00367025,-0.000177868
9011,,,0,-0.369127,-0.00432694,-0.00625883
9012,,,0,-0.369127,-0.00564032,0.00134237
9013,,,0,-0.00794598,-0.00465528,0.00286261
9014,,,0,-0.336292,-0.00202852,-0.000177868
9015,,,0,-0.303458,-0.0033419,0.00134237
9016,,,0,-0.303458,-0.0033419,-0.00169811
9017,,,0,-0.369127,-0.00564032,0.00134237
9018,,,0,-0.369127,-0.00367025,-0.00169811
9019,,,0,-0.336292,-5.84455e-05,-0.000177868
9020,,,0,-0.500465,0.0002699,-0.00169811
9021,,,0,-0.270623,-0.00170017,-0.000177868
9022,,,0,-0.401961,-0.00170017,-0.000177868
9023,,,0,-0.336292,-0.00465528,-0.00321835
9024,,,0,-0.467631,-0.00301356,-0.00473859
9025,,,0,-0.500465,-0.0033419,-0.00169811
9026,,,0,-0.434796,-0.00432694,0.00134237
9027,,,0,-0.500465,-0.00399859,-0.000177868
9028,,,0,-0.5333,-0.00498363,-0.00473859
9029,,,0,-0.5333,-0.00367025,0.00134237
9030,,,0,-0.401961,-0.00465528,-0.00321835
9031,,,0,-0.566134,-0.00301356,-0.000177868
9032,,,0,-0.5333,-0.00399859,0.00134237
9033,,,0,-0.795977,-0.00662536,-0.00321835
9034,,,0,-0.598969,-0.00465528,0.00438285
9035,,,0,-0.697473,-0.00662536,-0.00169811
9036,,,0,-0.730308,-0.00399859,0.00438285
9037,,,0,-0.763142,-0.00629701,0.00286261
9038,,,0,-0.697473,-0.00432694,-0.00473859
9039,,,0,-0.664638,-0.00531198,0.00134237
9040,,,0,-0.927315,-0.0069537,-0.00169811
9041,,,0,-0.96015,-0.00564032,-0.000177868
9042,,,0,-0.795977,-0.00761039,-0.000177868
9043,,,0,-1.02582,-0.00432694,-0.00321835
9044,,,0,-0.992984,-0.00268521,-0.000177868
9045,,,0,-0.96015,-0.0033419,0.00134237
9046,,,0,-0.927315,-0.00629701,-0.000177868
9047,,,0,-1.09149,-0.00531198,-0.00321835
9048,,,0,-1.09149,-0.00465528,0.00134237
9049,,,0,-1.09149,-0.0033419,0.00286261
9050,,,0,-1.05865,-0.00301356,-0.000177868
9051,,,0,-1.18999,-0.00268521,0.00286261
9052,,,0,-1.02582,-0.00367025,-0.00169811
9053,,,0,-1.09149,-0.00399859,0.00134237
9054,,,0,-1.09149,-0.00170017,-0.000177868
9055,,,0,-1.18999,-0.00268521,-0.000177868
9056,,,0,-1.02582,-0.00531198,-0.00169811
9057,,,0,-1.05865,-0.00564032,0.00134237
9058,,,0,-0.96015,-0.00629701,0.00134237
9059,,,0,-1.02582,-0.00432694,0.00134237
9060,,,0,-0.992984,-0.00367025,0.00286261
9061,,,0,-0.992984,-0.00367025,0.00134237
9062,,,0,-0.730308,-0.00367025,-0.00169811
9063,,,0,-1.05865,-0.00596867,-0.000177868
9064,,,0,-0.730308,-0.00531198,-0.00625883
9065,,,0,-0.697473,-0.00531198,-0.00169811
9066,,,0,-0.697473,-0.00399859,0.00134237
9067,,,0,-0.697473,-0.00564032,0.00286261
9068,,,0,-0.467631,-0.00301356,0.00134237
9069,,,0,-0.5333,-0.00367025,0.00438285
9070,,,0,-0.500465,-0.00301356,0.00286261
9071,,,0,-0.401961,-0.00399859,-0.000177868
9072,,,0,-0.467631,-0.00465528,0.00134237
9073,,,0,-0.467631,-0.00137183,0.00134237
9074,,,0,-0.369127,-0.00498363,0.00286261
9075,,,0,-0.369127,-0.00367025,-0.000177868
9076,,,0,-0.369127,-0.00235686,0.00286261
9077,,,0,-0.500465,-0.00202852,0.00286261
9078,,,0,-0.303458,-0.00432694,0.00286261
9079,,,0,-0.401961,-5.84455e-05,0.00134237
9080,,,0,-0.369127,-5.84455e-05,-0.00169811
9081,,,0,-0.401961,-0.00170017,0.00134237
9082,,,0,-0.401961,0.000598246,-0.000177868
9083,,,0,-0.467631,0.000598246,-0.00169811
9084,,,0,-0.500465,-0.000386791,0.00286261
9085,,,0,-0.5333,-0.00170017,-0.000177868
9086,,,0,-0.401961,-0.00202852,-0.000177868
9087,,,0,-0.598969,-0.00170017,-0.00169811
9088,,,0,-0.598969,-0.000386791,-0.000177868
9089,,,0,-0.631804,-0.0033419,-0.000177868
9090,,,0,-0.598969,-0.0033419,0.00286261
9091,,,0,-0.631804,-0.00170017,0.00134237
9092,,,0,-0.664638,-0.00137183,0.00286261
9093,,,0,-0.730308,-0.00104348,0.00134237
9094,,,0,-0.697473,-0.00137183,-0.00321835
9095,,,0,-0.763142,-0.00301356,-0.00169811
9096,,,0,-0.730308,0.0002699,0.00742334
9097,,,0,-0.697473,-0.000715137,0.00134237
9098,,,0,-0.828811,-0.00137183,-0.00321835
9099,,,0,-0.697473,0.00158328,-0.000177868
9100,,,0,-0.5333,-0.000715137,-0.000177868
9101,,,0,-0.828811,-5.84455e-05,0.00134237
9102,,,0,-0.96015,0.0002699,0.00134237
9103,,,0,-0.795977,-0.00104348,0.00134237
9104,,,0,-0.894481,-0.00170017,-0.000177868
9105,,,0,-0.828811,-0.000386791,-0.00321835
9106,,,0,-1.02582,0.000926591,0.00134237
9107,,,0,-0.992984,0.00125494,-0.00169811
9108,,,0,-0.992984,-0.00170017,-0.000177868
9109,,,0,-1.02582,-0.000715137,-0.00321835
9110,,,0,-0.894481,-5.84455e-05,-0.00321835
9111,,,0,-1.09149,0.000926591,-0.00169811
9112,,,0,-1.02582,0.00256832,-0.00169811
9113,,,0,-1.12432,-0.000386791,-0.00473859
9114,,,0,-1.12432,0.0038817,0.00286261
9115,,,0,-1.12432,0.00618012,0.00134237
9116,,,0,-1.15716,0.00289666,-0.00169811
9117,,,0,-0.96015,0.00191163,-0.00169811
9118,,,0,-1.18999,-0.000386791,-0.00169811
9119,,,0,-1.18999,0.00355336,-0.000177868
9120,,,0,-1.09149,0.00191163,-0.000177868
9121,,,0,-1.15716,-0.00104348,-0.00169811
9122,,,0,-1.09149,-0.00170017,0.00286261
9123,,,0,-1.2885,0.000926591,-0.00169811
9124,,,0,-1.09149,0.00453839,0.00134237
9125,,,0,-1.12432,0.0038817,-0.000177868
9126,,,0,-1.12432,0.00289666,-0.000177868
9127,,,0,-0.992984,-0.000715137,-0.000177868
9128,,,0,-0.96015,0.000926591,-0.00321835
9129,,,0,-1.05865,0.0038817,0.00286261
9130,,,0,-1.02582,0.00421005,0.00134237
9131,,,0,-1.05865,0.0002699,0.00134237
9132,,,0,-0.894481,0.0002699,0.00286261
9133,,,0,-0.927315,0.000598246,-0.00473859
9134,,,0,-0.927315,0.000598246,-0.00169811
9135,,,0,-0.927315,0.0002699,-0.000177868
9136,,,0,-0.927315,-0.000715137,-0.000177868
9137,,,0,-0.631804,-0.000715137,0.00134237
9138,,,0,-0.828811,0.00191163,-0.000177868
9139,,,0,-0.894481,0.00421005,0.00286261
9140,,,0,-0.96015,0.00158328,0.00134237
9141,,,0,-0.894481,0.00158328,0.00134237
9142,,,0,-0.763142,0.00486674,-0.00169811
9143,,,0,-0.763142,0.00158328,0.00134237
9144,,,0,-0.828811,0.00223997,0.00286261
9145,,,0,-0.697473,0.00158328,0.00134237
9146,,,0,-0.763142,0.000598246,-0.000177868
9147,,,0,-0.730308,0.00223997,-0.000177868
9148,,,0,-0.697473,0.00289666,0.00286261
9149,,,0,-0.697473,0.00355336,-0.000177868
9150,,,0,-0.730308,0.0002699,0.00134237
9151,,,0,-0.664638,0.00223997,0.00134237
9152,,,0,-0.631804,0.00256832,0.00286261
9153,,,0,-0.730308,0.00191163,-0.00169811
9154,,,0,-0.697473,0.00125494,-0.000177868
9155,,,0,-0.730308,0.00289666,0.00134237
9156,,,0,-0.828811,0.0038817,-0.00169811
9157,,,0,-0.763142,0.00256832,-0.00321835
9158,,,0,-0.795977,0.00355336,0.00286261
9159,,,0,-0.894481,0.00650847,-0.000177868
9160,,,0,-0.763142,0.00355336,-0.000177868
9161,,,0,-0.992984,0.00223997,-0.00169811
9162,,,0,-0.992984,0.00191163,-0.00321835
9163,,,0,-1.18999,0.000926591,0.00134237
9164,,,0,-1.15716,0.00125494,-0.00169811
9165,,,0,-1.22283,0.00453839,-0.00169811
9166,,,0,-1.25566,0.00486674,0.00134237
9167,,,0,-1.387,0.00552343,-0.00169811
9168,,,0,-1.35417,0.00322501,-0.000177868
9169,,,0,-1.387,0.00223997,0.00134237
9170,,,0,-1.387,0.00322501,-0.00169811
9171,,,0,-1.51834,0.00585178,-0.000177868
9172,,,0,-1.51834,0.00355336,0.00134237
9173,,,0,-1.4855,0.00223997,0.00134237
9174,,,0,-1.55117,0.000926591,-0.000177868
9175,,,0,-1.68251,0.00223997,0.00134237
9176,,,0,-1.61684,0.0038817,-0.00169811
9177,,,0,-1.74818,0.00223997,0.00286261
9178,,,0,-1.64968,0.00158328,-0.000177868
9179,,,0,-1.68251,0.00453839,0.00134237
9180,,,0,-1.64968,0.00322501,-0.00169811
9181,,,0,-1.61684,0.000926591,0.00286261
9182,,,0,-1.61684,-0.000386791,0.00134237
9183,,,0,-1.64968,-0.00137183,-0.00321835
9184,,,0,-1.64968,0.000926591,0.00134237
9185,,,0,-1.25566,0.00223997,-0.00169811
9186,,,0,-1.68251,0.00486674,-0.00169811
9187,,,0,-1.58401,-0.000386791,0.00286261
9188,,,0,-1.387,0.0002699,0.00134237
9189,,,0,-1.58401,0.00289666,-0.00169811
9190,,,0,-1.58401,0.000598246,-0.000177868
9191,,,0,-1.51834,0.00256832,-0.00169811
9192,,,0,-1.45267,0.00125494,0.00134237
9193,,,0,-1.4855,0.00158328,-0.00473859
9194,,,0,-1.41983,0.000598246,-0.00169811
9195,,,0,-1.45267,0.0002699,-0.00169811
9196,,,0,-1.45267,0.00125494,-0.00321835
9197,,,0,-1.45267,-0.000386791,0.00286261
9198,,,0,-1.387,-0.00170017,-0.000177868
9199,,,0,-1.32133,-0.000715137,0.0059031
9200,,,0,-1.35417,0.000598246,-0.000177868
9201,,,0,-1.2885,0.00125494,0.00134237
9202,,,0,-1.25566,-0.00235686,0.00286261
9203,,,0,-1.18999,0.000598246,0.00134237
9204,,,0,-1.18999,0.000926591,-0.000177868
9205,,,0,-1.12432,-0.00104348,0.00286261
9206,,,0,-1.18999,-0.00170017,0.00134237
9207,,,0,-1.2885,-5.84455e-05,-0.000177868
9208,,,0,-0.992984,0.00256832,-0.000177868
9209,,,0,-1.15716,-5.84455e-05,0.00134237
9210,,,0,-1.12432,0.00125494,-0.000177868
9211,,,0,-1.15716,-0.00399859,-0.000177868
9212,,,0,-1.18999,-0.00268521,-0.000177868
9213,,,0,-1.09149,-5.84455e-05,-0.000177868
9214,,,0,-1.12432,0.000598246,-0.00321835
9215,,,0,-1.12432,-0.00137183,-0.000177868
9216,,,0,-1.15716,-0.00367025,-0.000177868
9217,,,0,-1.09149,-0.00104348,-0.000177868
9218,,,0,-1.12432,-0.00170017,0.00134237
9219,,,0,-1.09149,0.000598246,-0.000177868
9220,,,0,-1.09149,0.000598246,-0.00321835
9221,,,0,-1.12432,0.00158328,-0.000177868
9222,,,0,-1.15716,-0.000715137,-0.000177868
9223,,,0,-1.2885,-0.00202852,-0.000177868
9224,,,0,-1.18999,0.000598246,0.00286261
9225,,,0,-1.15716,0.000598246,-0.000177868
9226,,,0,-1.2885,0.000598246,-0.00169811
9227,,,0,-1.22283,0.0002699,-0.00169811
9228,,,0,-1.22283,-0.00399859,-0.000177868
9229,,,0,-1.25566,-0.000715137,0.00134237
9230,,,0,-1.25566,0.00125494,0.00134237
9231,,,0,-1.2885,-5.84455e-05,-0.000177868
9232,,,0,-1.22283,-0.00170017,-0.00321835
9233,,,0,-1.25566,-0.00104348,-0.00169811
9234,,,0,-1.2885,-5.84455e-05,-0.00473859
9235,,,0,-1.41983,-0.00268521,0.00286261
9236,,,0,-1.387,-0.00137183,-0.00169811
9237,,,0,-1.4855,-0.00367025,-0.00473859
9238,,,0,-1.2885,-0.00432694,0.00134237
9239,,,0,-1.45267,0.000598246,-0.000177868
9240,,,0,-1.387,0.0002699,-0.00169811
9241,,,0,-1.32133,0.000926591,0.00286261
9242,,,0,-1.51834,-0.00235686,-0.000177868
9243,,,0,-1.55117,-0.00104348,-0.000177868
9244,,,0,-1.41983,-0.000386791,-0.000177868
9245,,,0,-1.55117,-0.00202852,0.00134237
9246,,,0,-1.55117,-0.000715137,-0.000177868
9247,,,0,-1.4855,-0.00202852,-0.000177868
9248,,,0,-1.74818,0.0002699,-0.000177868
9249,,,0,-1.64968,0.00125494,-0.000177868
9250,,,0,-1.51834,-0.00170017,-0.000177868
9251,,,0,-1.55117,-0.00399859,0.00134237
9252,,,0,-1.61684,-0.00432694,-0.000177868
9253,,,0,-1.2885,-0.00170017,0.00134237
9254,,,0,-1.4855,-0.0033419,-0.000177868
9255,,,0,-1.58401,-0.00104348,-0.000177868
9256,,,0,-1.4855,-0.000715137,-0.000177868
9257,,,0,-1.45267,-0.00137183,-0.000177868
9258,,,0,-1.55117,-0.00137183,-0.00625883
9259,,,0,-1.35417,-0.000386791,-0.00473859
9260,,,0,-1.55117,0.00125494,-0.000177868
9261,,,0,-1.32133,-0.00137183,0.00286261
9262,,,0,-1.32133,-0.00104348,0.00134237
9263,,,0,-1.22283,-0.00137183,-0.000177868
9264,,,0,-1.12432,-0.00104348,-0.00169811
9265,,,0,-0.96015,-0.0033419,0.00134237
9266,,,0,-1.22283,-0.00137183,0.00286261
9267,,,0,-1.18999,0.00125494,-0.000177868
9268,,,0,-0.992984,-0.00137183,-0.00321835
9269,,,0,-1.02582,-0.00268521,0.00134237
9270,,,0,-0.992984,-0.0033419,-0.000177868
9271,,,0,-0.894481,-0.00399859,0.00134237
9272,,,0,-0.927315,-0.000715137,-0.000177868
9273,,,0,-0.795977,-0.00202852,0.00134237
9274,,,0,-0.828811,-0.00104348,0.00286261
9275,,,0,-0.828811,-0.00104348,0.00286261
9276,,,0,-0.763142,-0.00137183,0.00438285
9277,,,0,-0.927315,-0.00170017,-0.000177868
9278,,,0,-0.697473,-0.000715137,-0.000177868
9279,,,0,-0.697473,-0.000386791,-0.000177868
9280,,,0,-0.697473,0.00256832,-0.00169811
9281,,,0,-0.631804,0.000926591,-0.000177868
9282,,,0,-0.795977,-0.0033419,0.00134237
9283,,,0,-0.861646,-0.00137183,-0.00169811
9284,,,0,-0.664638,0.00191163,-0.00321835
9285,,,0,-0.697473,0.00256832,-0.00169811
9286,,,0,-0.795977,0.00223997,-0.000177868
9287,,,0,-0.861646,0.000926591,-0.000177868
9288,,,0,-0.861646,0.00453839,0.00134237
9289,,,0,-0.894481,0.00223997,0.00134237
9290,,,0,-0.763142,0.00191163,-0.000177868
9291,,,0,-0.927315,0.00158328,-0.000177868
9292,,,0,-0.861646,0.000926591,0.00134237
9293,,,0,-0.861646,0.00158328,0.00286261
9294,,,0,-0.894481,0.00223997,-0.00169811
9295,,,0,-0.861646,0.00289666,-0.00473859
9296,,,0,-0.861646,0.00256832,-0.00169811
9297,,,0,-0.861646,0.00125494,0.00134237
9298,,,0,-0.894481,0.00256832,0.00134237
9299,,,0,-1.18999,0.00191163,0.00286261
9300,,,0,-0.664638,0.00519508,-0.000177868
9301,,,0,-0.894481,-0.000386791,-0.00169811
9302,,,0,-1.02582,0.00125494,-0.000177868
9303,,,0,-0.992984,0.00421005,-0.00321835
9304,,,0,-0.894481,0.00453839,-0.000177868
9305,,,0,-0.795977,0.00453839,-0.00321835
9306,,,0,-0.894481,0.00421005,-0.000177868
9307,,,0,-0.861646,0.00223997,0.00286261
9308,,,0,-0.894481,0.000598246,-0.00169811
9309,,,0,-0.96015,0.00486674,-0.00321835
9310,,,0,-0.927315,0.00158328,-0.000177868
9311,,,0,-0.861646,0.00453839,-0.000177868
9312,,,0,-0.828811,0.00453839,-0.000177868
9313,,,0,-1.02582,0.00585178,-0.000177868
9314,,,0,-0.861646,0.0074935,0.00134237
9315,,,0,-0.795977,0.0038817,-0.000177868
9316,,,0,-0.795977,0.00355336,-0.00169811
9317,,,0,-0.763142,0.00289666,-0.00169811
9318,,,0,-0.664638,0.00486674,0.00134237
9319,,,0,-0.828811,0.00552343,-0.000177868
9320,,,0,-0.697473,0.00552343,0.00286261
9321,,,0,-0.795977,0.00453839,-0.00321835
9322,,,0,-0.434796,0.00486674,0.0059031
9323,,,0,-0.730308,0.00683681,-0.000177868
9324,,,0,-0.566134,0.00552343,-0.00321835
9325,,,0,-0.697473,0.00453839,0.00134237
9326,,,0,-0.598969,0.00519508,0.00134237
9327,,,0,-0.434796,0.00552343,0.00286261
9328,,,0,-0.598969,0.0074935,-0.00321835
9329,,,0,-0.500465,0.00585178,-0.00169811
9330,,,0,-0.5333,0.0038817,-0.00321835
9331,,,0,-0.369127,0.00913523,-0.00169811
9332,,,0,-0.500465,0.00716516,0.00286261
9333,,,0,-0.369127,0.00552343,-0.00321835
9334,,,0,-0.336292,0.00552343,-0.000177868
9335,,,0,-0.10645,0.00191163,0.00134237
9336,,,0,-0.204954,0.0038817,-0.00321835
9337,,,0,-0.172119,0.00486674,0.00134237
9338,,,0,-0.172119,0.00618012,0.00438285
9339,,,0,-0.204954,0.00585178,-0.00169811
9340,,,0,-0.270623,0.00256832,-0.00169811
9341,,,0,-0.139284,0.00519508,-0.00321835
9342,,,0,-0.204954,0.00421005,-0.000177868
9343,,,0,-0.0407806,0.00289666,-0.00321835
9344,,,0,0.0248886,0.00158328,-0.000177868
9345,,,0,-0.139284,0.00223997,-0.000177868
9346,,,0,0.0577233,0.00486674,-0.000177868
9347,,,0,-0.0407806,0.00486674,0.00286261
9348,,,0,0.0577233,0.00519508,0.00134237
9349,,,0,0.123392,0.00421005,-0.00169811
9350,,,0,-0.139284,0.00618012,-0.000177868
9351,,,0,0.0905579,0.00815019,-0.000177868
9352,,,0,0.156227,0.00453839,-0.000177868
9353,,,0,0.0905579,0.00683681,-0.000177868
9354,,,0,0.123392,0.00453839,-0.000177868
9355,,,0,0.0905579,0.00585178,0.00134237
9356,,,0,-0.0407806,0.00289666,-0.00169811
9357,,,0,0.0577233,0.000598246,-0.00169811
9358,,,0,-0.0407806,0.00158328,-0.000177868
9359,,,0,-0.0736152,0.00322501,0.00134237
9360,,,0,-0.10645,0.00782185,-0.00929931
9361,,,0,-0.172119,0.00256832,-0.000177868
9362,,,0,-0.172119,0.00355336,0.00134237
9363,,,0,-0.336292,0.00158328,-0.00169811
9364,,,0,-0.303458,0.00322501,0.0059031
9365,,,0,-0.369127,0.00486674,-0.000177868
9366,,,0,-0.237788,0.00289666,-0.00169811
9367,,,0,-0.336292,0.00355336,-0.00169811
9368,,,0,-0.434796,0.00355336,-0.00321835
9369,,,0,-0.500465,0.00453839,-0.00321835
9370,,,0,-0.500465,0.00486674,-0.000177868
9371,,,0,-0.467631,0.00355336,-0.00321835
9372,,,0,-0.5333,0.00256832,-0.00321835
9373,,,0,-0.631804,0.000598246,-0.00169811
9374,,,0,-0.598969,0.00355336,0.00286261
9375,,,0,-0.566134,0.00421005,-0.00321835
9376,,,0,-0.631804,0.00256832,0.00134237
9377,,,0,-0.598969,0.000598246,-0.00169811
9378,,,0,-0.763142,0.00191163,0.00134237
9379,,,0,-0.730308,0.00322501,0.00438285
9380,,,0,-0.631804,0.00322501,-0.00169811
9381,,,0,-0.566134,0.00191163,0.00134237
9382,,,0,-0.5333,-0.000715137,-0.000177868
9383,,,0,-0.598969,0.00421005,-0.000177868
9384,,,0,-0.566134,0.00289666,-0.000177868
9385,,,0,-0.631804,0.00289666,-0.00169811
9386,,,0,-0.5333,0.00223997,0.00134237
9387,,,0,-0.401961,0.00158328,-0.000177868
9388,,,0,-0.467631,0.00223997,0.00134237
9389,,,0,-0.467631,0.00421005,-0.00169811
9390,,,0,-0.303458,0.00125494,0.00134237
9391,,,0,-0.336292,-0.000386791,-0.00321835
9392,,,0,-0.369127,0.00125494,-0.000177868
9393,,,0,-0.237788,0.00191163,-0.000177868
9394,,,0,-0.204954,0.0002699,-0.000177868
9395,,,0,-0.369127,-5.84455e-05,-0.00169811
9396,,,0,-0.139284,-0.00104348,-0.00169811
9397,,,0,-0.139284,-0.00104348,0.00286261
9398,,,0,-0.172119,-0.00104348,0.00134237
9399,,,0,-0.0736152,-0.0033419,-0.00321835
9400,,,0,-0.10645,-0.00235686,-0.000177868
9401,,,0,-0.237788,-0.00268521,-0.00169811
9402,,,0,0.0905579,-0.00170017,-0.000177868
9403,,,0,0.123392,-5.84455e-05,-0.000177868
9404,,,0,0.0577233,-0.00202852,-0.000177868
9405,,,0,0.123392,-0.00301356,-0.000177868
9406,,,0,0.74725,-0.00235686,-0.000177868
9407,,,0,0.0248886,-5.84455e-05,0.00134237
9408,,,0,0.386069,-0.00170017,-0.000177868
9409,,,0,0.189062,-0.00202852,-0.00169811
9410,,,0,0.156227,-0.00367025,-0.000177868
9411,,,0,0.189062,-0.00137183,-0.00321835
9412,,,0,0.123392,-0.000386791,-0.000177868
9413,,,0,0.123392,-0.000715137,-0.000177868
9414,,,0,0.156227,-0.00301356,-0.000177868
9415,,,0,0.221896,-0.00531198,-0.000177868
9416,,,0,0.189062,-0.00399859,0.00134237
9417,,,0,0.221896,-0.00202852,0.00134237
9418,,,0,0.123392,-0.00465528,0.00134237
9419,,,0,0.123392,-0.00629701,-0.000177868
9420,,,0,0.156227,-0.0033419,-0.000177868
9421,,,0,0.221896,-0.00170017,-0.00321835
9422,,,0,0.221896,-0.00202852,0.00286261
9423,,,0,0.123392,-0.00399859,-0.00169811
9424,,,0,-0.139284,-0.00170017,0.0059031
9425,,,0,0.0905579,-0.00367025,-0.000177868
9426,,,0,0.0905579,-0.00268521,-0.000177868
9427,,,0,0.0577233,-0.00268521,0.00286261
9428,,,0,-0.0736152,-0.00399859,0.00286261
9429,,,0,0.0577233,-0.00432694,0.00134237
9430,,,0,0.0248886,-0.00268521,-0.000177868
9431,,,0,0.0577233,-0.00465528,0.00438285
9432,,,0,0.0577233,-0.00531198,-0.00169811
9433,,,0,0.0905579,-0.00761039,0.00134237
9434,,,0,-0.172119,-0.00498363,-0.000177868
9435,,,0,-0.139284,-0.00170017,-0.00473859
9436,,,0,-0.0736152,-0.00235686,-0.000177868
9437,,,0,-0.0407806,-0.00531198,-0.00473859
9438,,,0,0.156227,-0.00958047,-0.000177868
9439,,,0,-0.0407806,-0.00596867,0.00286261
9440,,,0,-0.139284,-0.00564032,-0.00169811
9441,,,0,-0.139284,-0.00990881,0.00286261
9442,,,0,-0.237788,-0.00990881,0.00134237
9443,,,0,-0.139284,-0.00793874,0.00134237
9444,,,0,-0.204954,-0.00826709,-0.00321835
9445,,,0,-0.303458,-0.00596867,-0.00169811
9446,,,0,-0.303458,-0.00761039,-0.000177868
9447,,,0,-0.270623,-0.00761039,-0.000177868
9448,,,0,-0.204954,-0.00662536,0.00438285
9449,,,0,-0.237788,-0.00399859,-0.000177868
9450,,,0,-0.500465,-0.00170017,-0.000177868
9451,,,0,-0.336292,-0.00498363,0.00134237
9452,,,0,-0.172119,-0.00662536,-0.00169811
9453,,,0,-0.303458,-0.00399859,0.00134237
9454,,,0,-0.303458,-0.00399859,0.00134237
9455,,,0,-0.434796,-0.00399859,-0.000177868
9456,,,0,-0.204954,-0.0033419,-0.00169811
9457,,,0,-0.172119,-0.00268521,-0.000177868
9458,,,0,-0.204954,-0.00399859,0.00134237
9459,,,0,-0.10645,-0.00432694,-0.000177868
9460,,,0,-0.0736152,-0.00498363,0.00134237
9461,,,0,-0.0736152,-0.00531198,-0.00169811
9462,,,0,0.0248886,-0.00728205,-0.00473859
9463,,,0,0.0248886,-0.00465528,-0.00321835
9464,,,0,0.0905579,-0.00564032,0.00286261
9465,,,0,0.123392,-0.00596867,-0.000177868
9466,,,0,0.156227,-0.00728205,0.00134237
9467,,,0,0.254731,-0.0069537,-0.00169811
9468,,,0,0.353235,-0.00629701,0.00286261
9469,,,0,0.353235,-0.00498363,-0.00169811
9470,,,0,0.418904,-0.00596867,0.00134237
9471,,,0,0.386069,-0.00498363,-0.00169811
9472,,,0,0.418904,-0.00662536,-0.000177868
9473,,,0,0.451739,-0.00170017,-0.00169811
9474,,,0,0.517408,-0.00170017,-0.00625883
9475,,,0,0.254731,-0.00235686,-0.00169811
9476,,,0,0.648746,-0.00432694,-0.000177868
9477,,,0,0.615912,-0.00170017,-0.00169811
9478,,,0,0.484573,-0.00367025,-0.00169811
9479,,,0,0.583077,0.000598246,-0.000177868
9480,,,0,0.583077,0.00191163,-0.00169811
9481,,,0,0.648746,-0.000386791,-0.000177868
9482,,,0,0.681581,-0.00399859,0.00134237
9483,,,0,0.484573,-0.00104348,-0.000177868
9484,,,0,0.517408,-0.00104348,0.00134237
9485,,,0,0.287566,-0.000715137,0.00286261
9486,,,0,0.418904,-0.00104348,-0.00321835
9487,,,0,0.451739,0.00125494,-0.00473859
9488,,,0,0.386069,-0.00104348,-0.000177868
9489,,,0,0.353235,-0.00137183,-0.000177868
9490,,,0,0.484573,0.00223997,-0.000177868
9491,,,0,0.254731,0.00125494,-0.00169811
9492,,,0,0.287566,0.00223997,-0.000177868
9493,,,0,0.254731,-0.000715137,-0.000177868
9494,,,0,0.221896,0.00158328,-0.000177868
9495,,,0,0.418904,-0.00235686,-0.00169811
9496,,,0,0.254731,-0.00170017,-0.000177868
9497,,,0,0.123392,-0.00268521,-0.00473859
9498,,,0,0.123392,-0.00301356,-0.000177868
9499,,,0,0.221896,-0.00268521,-0.00169811
9500,,,0,0.123392,-0.000715137,-0.00321835
9501,,,0,0.0577233,0.000598246,-0.000177868
9502,,,0,0.0905579,-0.00137183,-0.00169811
9503,,,0,-0.00794598,-0.00104348,0.00134237
9504,,,0,0.0577233,-0.00235686,0.00286261
9505,,,0,0.0905579,-0.00301356,0.00286261
9506,,,0,0.0577233,-0.00432694,-0.00473859
9507,,,0,-0.0407806,-0.00268521,-0.000177868
9508,,,0,0.123392,-0.000715137,-0.00777907
9509,,,0,-0.10645,0.0002699,0.0059031
9510,,,0,-0.10645,-0.000386791,-0.00169811
9511,,,0,-0.204954,-0.000386791,-0.00169811
9512,,,0,-0.237788,-0.000386791,0.00134237
9513,,,0,-0.172119,-0.00104348,-0.000177868
9514,,,0,-0.0736152,0.0002699,-0.000177868
9515,,,0,-0.0407806,0.000926591,-0.00169811
9516,,,0,-0.0736152,0.00158328,-0.000177868
9517,,,0,0.0905579,0.000926591,-0.000177868
9518,,,0,0.0905579,-0.000386791,0.00134237
9519,,,0,0.0577233,0.00355336,-0.00169811
9520,,,0,0.0905579,0.00289666,0.00438285
9521,,,0,0.0577233,0.00223997,-0.00169811
9522,,,0,-0.0407806,-0.00367025,-0.000177868
9523,,,0,0.0248886,-0.000715137,0.00134237
9524,,,0,-0.172119,-0.000715137,-0.000177868
9525,,,0,0.0577233,-0.000386791,0.00134237
9526,,,0,-0.0407806,0.000598246,-0.00169811
9527,,,0,0.0577233,-0.00301356,-0.000177868
9528,,,0,0.123392,-0.00268521,-0.00321835
9529,,,0,0.221896,0.00322501,0.00134237
9530,,,0,0.0248886,0.00223997,-0.000177868
9531,,,0,0.0905579,0.00191163,-0.00169811
9532,,,0,0.254731,-0.000715137,-0.00169811
9533,,,0,-0.139284,-0.00301356,0.00286261
9534,,,0,0.287566,0.00256832,-0.00321835
9535,,,0,0.254731,0.00322501,-0.00321835
9536,,,0,0.3204,0.000598246,0.00438285
9537,,,0,0.287566,0.000598246,-0.000177868
9538,,,0,0.287566,0.00158328,-0.00169811
9539,,,0,0.3204,0.00223997,-0.00321835
9540,,,0,0.386069,0.00125494,0.00286261
9541,,,0,0.353235,-0.000715137,-0.00321835
9542,,,0,0.386069,-0.000386791,0.00134237
9543,,,0,0.418904,0.00223997,0.00134237
9544,,,0,0.418904,0.000926591,-0.00169811
9545,,,0,0.3204,0.00289666,-0.00169811
9546,,,0,0.418904,0.00223997,-0.00473859
9547,,,0,0.451739,-0.000715137,-0.000177868
9548,,,0,0.550242,0.00191163,-0.000177868
9549,,,0,0.451739,0.00289666,-0.000177868
9550,,,0,0.451739,-5.84455e-05,0.00742334
9551,,,0,0.484573,0.00125494,0.00134237
9552,,,0,0.3204,0.00355336,-0.00169811
9553,,,0,0.451739,0.00322501,0.00286261
9554,,,0,0.550242,0.00585178,-0.00321835
9555,,,0,0.418904,0.00322501,0.00134237
9556,,,0,0.451739,0.00322501,0.00134237
9557,,,0,0.287566,0.0038817,0.00134237
9558,,,0,0.287566,0.00453839,-0.00625883
9559,,,0,0.287566,0.00552343,-0.00321835
9560,,,0,0.156227,0.0038817,-0.000177868
9561,,,0,0.189062,0.00289666,0.00134237
9562,,,0,0.156227,0.00453839,0.00134237
9563,,,0,0.0905579,0.000598246,-0.000177868
9564,,,0,0.0577233,0.00125494,0.0059031
9565,,,0,-0.172119,0.00158328,-0.000177868
9566,,,0,-0.139284,0.00125494,0.00286261
9567,,,0,-0.139284,0.000926591,0.00286261
9568,,,0,-0.139284,-5.84455e-05,0.00286261
9569,,,0,-0.10645,0.00289666,0.00134237
9570,,,0,-0.434796,0.0038817,0.00134237
9571,,,0,-0.237788,0.000926591,-0.000177868
9572,,,0,-0.270623,0.00223997,0.00286261
9573,,,0,-0.336292,0.00421005,0.0059031
9574,,,0,-0.401961,0.00256832,-0.000177868
9575,,,0,-0.434796,0.00223997,-0.00169811
9576,,,0,-0.467631,0.00191163,-0.00169811
9577,,,0,-0.467631,-5.84455e-05,0.00134237
9578,,,0,-0.434796,0.000926591,-0.000177868
9579,,,0,-0.500465,0.00158328,0.00286261
9580,,,0,-0.5333,0.00191163,-0.000177868
9581,,,0,-0.664638,0.00191163,-0.000177868
9582,,,0,-0.566134,0.0038817,-0.000177868
9583,,,0,-0.566134,0.00158328,0.00134237
9584,,,0,-0.467631,0.00158328,-0.00321835
9585,,,0,-0.500465,0.00158328,-0.00169811
9586,,,0,-0.401961,0.00191163,-0.00169811
9587,,,0,-0.467631,0.00191163,-0.00169811
9588,,,0,-0.467631,0.00158328,-0.00169811
9589,,,0,-0.467631,0.00125494,-0.00169811
9590,,,0,-0.434796,-0.000715137,-0.00169811
9591,,,0,-0.500465,0.0002699,-0.000177868
9592,,,0,-0.401961,0.00125494,-0.000177868
9593,,,0,-0.500465,0.00191163,-0.00169811
9594,,,0,-0.467631,0.00125494,-0.00321835
9595,,,0,-0.500465,-0.00235686,-0.00169811
9596,,,0,-0.401961,0.00191163,-0.00321835
9597,,,0,-0.434796,0.00158328,0.00286261
9598,,,0,-0.401961,-0.00170017,0.00134237
9599,,,0,-0.500465,-0.000715137,0.00134237
9600,,,0,-0.467631,0.000926591,-0.00625883
9601,,,0,-0.369127,-0.00104348,-0.000177868
9602,,,0,-0.336292,-0.00268521,0.00286261
9603,,,0,-0.270623,-0.00202852,0.00134237
9604,,,0,-0.434796,-0.000715137,0.00134237
9605,,,0,-0.5333,-0.00235686,0.00286261
9606,,,0,-0.401961,-0.00137183,0.00286261
9607,,,0,-0.336292,-0.00301356,-0.00169811
9608,,,0,-0.303458,-0.00367025,0.00134237
9609,,,0,-0.434796,-0.00268521,-0.00169811
9610,,,0,-0.369127,0.00191163,-0.00929931
9611,,,0,-0.566134,0.000926591,0.00134237
9612,,,0,-0.401961,-0.00170017,-0.00169811
9613,,,0,-0.434796,-0.00367025,-0.000177868
9614,,,0,-0.369127,-0.00137183,-0.00321835
9615,,,0,-0.434796,0.0002699,0.00134237
9616,,,0,-0.467631,-0.00235686,0.00286261
9617,,,0,-0.401961,0.0002699,-0.000177868
9618,,,0,-0.467631,-0.00170017,-0.00321835
9619,,,0,-0.500465,-0.00137183,0.00134237
9620,,,0,-0.500465,0.000598246,-0.000177868
9621,,,0,-0.401961,0.000598246,-0.00169811
9622,,,0,-0.434796,-0.00235686,-0.00169811
9623,,,0,-0.500465,-0.00104348,-0.00169811
9624,,,0,-0.467631,-0.00170017,-0.00169811
9625,,,0,-0.5333,0.000926591,0.00134237
9626,,,0,-0.566134,-0.00564032,-0.00169811
9627,,,0,-0.566134,-0.00596867,-0.00169811
9628,,,0,-0.500465,-0.00301356,-0.00321835
9629,,,0,-0.598969,-0.00137183,-0.00321835
9630,,,0,-0.5333,-0.00498363,-0.00169811
9631,,,0,-0.664638,-0.00531198,0.00134237
9632,,,0,-0.697473,-0.00432694,-0.000177868
9633,,,0,-0.763142,-0.00268521,-0.00321835
9634,,,0,-0.763142,-0.00268521,-0.00169811
9635,,,0,-0.730308,-0.00564032,-0.000177868
9636,,,0,-0.828811,-0.00596867,-0.000177868
9637,,,0,-0.763142,-0.00596867,-0.00169811
9638,,,0,-0.828811,-0.00531198,-0.00321835
9639,,,0,-0.861646,-0.00465528,-0.00169811
9640,,,0,-0.664638,-0.00301356,0.00286261
9641,,,0,-0.927315,-0.00432694,-0.000177868
9642,,,0,-0.96015,-0.0033419,0.00134237
9643,,,0,-1.09149,-0.00137183,0.00134237
9644,,,0,-1.02582,-0.00301356,-0.000177868
9645,,,0,-0.992984,-0.00367025,-0.000177868
9646,,,0,-0.992984,-0.00728205,0.00134237
9647,,,0,-1.02582,-0.00235686,-0.00169811
9648,,,0,-1.02582,-0.00104348,-0.000177868
9649,,,0,-1.05865,-0.00367025,-0.00169811
9650,,,0,-1.12432,-0.00498363,-0.000177868
9651,,,0,-1.32133,-0.00367025,-0.000177868
9652,,,0,-1.05865,-0.00235686,0.00134237
9653,,,0,-0.992984,-0.00465528,0.00134237
9654,,,0,-1.15716,-0.00367025,0.00134237
9655,,,0,-1.05865,-0.00268521,0.00286261
9656,,,0,-0.992984,-0.00235686,-0.000177868
9657,,,0,-1.05865,-0.00170017,-0.00169811
9658,,,0,-1.02582,-0.00202852,-0.00169811
9659,,,0,-0.894481,-0.00465528,-0.00321835
9660,,,0,-0.96015,-0.00202852,0.00286261
9661,,,0,-0.795977,-0.00104348,0.00286261
9662,,,0,-0.763142,-0.00367025,-0.000177868
9663,,,0,-0.992984,-0.00432694,-0.000177868
9664,,,0,-1.05865,-0.00465528,-0.00473859
9665,,,0,-0.795977,-0.0033419,-0.00321835
9666,,,0,-0.795977,0.000598246,-0.00169811
9667,,,0,-0.598969,-0.00268521,-0.000177868
9668,,,0,-0.500465,-0.00301356,-0.000177868
9669,,,0,-0.500465,-0.00268521,0.00134237
9670,,,0,-0.467631,-0.00301356,-0.00321835
9671,,,0,-0.434796,-0.00268521,-0.00321835
9672,,,0,-0.5333,-0.00235686,-0.000177868
9673,,,0,-0.369127,-0.00301356,-0.00169811
9674,,,0,-0.401961,-0.00104348,0.00134237
9675,,,0,-0.336292,0.00289666,-0.000177868
9676,,,0,-0.336292,0.000926591,0.00134237
9677,,,0,-0.369127,0.00191163,-0.00321835
9678,,,0,-0.369127,0.00223997,-0.000177868
9679,,,0,-0.270623,0.000926591,-0.00169811
9680,,,0,-0.664638,0.00158328,0.00286261
9681,,,0,-0.303458,0.00158328,-0.000177868
9682,,,0,-0.336292,0.00256832,-0.00169811
9683,,,0,-0.336292,0.00158328,-0.000177868
9684,,,0,-0.303458,-0.00202852,0.00134237
9685,,,0,-0.336292,-5.84455e-05,-0.00169811
9686,,,0,-0.401961,0.00223997,-0.000177868
9687,,,0,-0.303458,0.0002699,-0.000177868
9688,,,0,-0.336292,-0.00104348,-0.000177868
9689,,,0,-0.401961,-0.000386791,-0.00169811
9690,,,0,-0.369127,-0.000386791,-0.00169811
9691,,,0,-0.434796,0.000926591,-0.000177868
9692,,,0,-0.434796,-0.0033419,0.00134237
9693,,,0,-0.139284,-0.00268521,-0.00169811
9694,,,0,-0.467631,0.000926591,0.00134237
9695,,,0,-0.467631,-0.000386791,0.00286261
9696,,,0,-0.500465,-0.00235686,-0.00321835
9697,,,0,-0.598969,-0.00104348,-0.000177868
9698,,,0,-0.631804,0.000926591,-0.00625883
9699,,,0,-0.664638,0.00125494,0.00134237
9700,,,0,-0.467631,-5.84455e-05,-0.000177868
9701,,,0,-0.5333,-0.000386791,-0.000177868
9702,,,0,-0.598969,-0.000715137,-0.00169811
9703,,,0,-0.467631,-0.00202852,-0.00321835
9704,,,0,-0.566134,0.0002699,-0.00169811
9705,,,0,-0.664638,0.00158328,-0.00169811
9706,,,0,-0.631804,-0.00137183,-0.000177868
9707,,,0,-0.598969,-0.00268521,-0.000177868
9708,,,0,-0.5333,0.00158328,-0.00169811
9709,,,0,-0.631804,0.00322501,-0.000177868
9710,,,0,-0.598969,0.00158328,0.00134237
9711,,,0,-0.697473,0.00125494,-0.000177868
9712,,,0,-0.467631,0.00191163,0.00134237
9713,,,0,-0.664638,0.00256832,-0.000177868
9714,,,0,-0.697473,0.0038817,0.00134237
9715,,,0,-0.566134,0.0002699,-0.00169811
9716,,,0,-0.631804,-0.000715137,-0.000177868
9717,,,0,-0.697473,0.000926591,-0.00321835
9718,,,0,-0.664638,0.00256832,-0.00625883
9719,,,0,-0.730308,0.00486674,0.00134237
9720,,,0,-0.500465,0.00421005,-0.000177868
9721,,,0,-0.598969,0.00815019,-0.000177868
9722,,,0,-0.566134,0.00552343,0.00134237
9723,,,0,-0.664638,0.0038817,-0.00321835
9724,,,0,-0.566134,0.00650847,0.00286261
9725,,,0,-0.631804,0.00486674,-0.000177868
9726,,,0,-0.598969,0.00421005,-0.000177868
9727,,,0,-0.598969,0.00453839,-0.000177868
9728,,,0,-0.566134,0.00552343,0.00134237
9729,,,0,-0.500465,0.00519508,-0.00169811
9730,,,0,-0.566134,0.00289666,0.00134237
9731,,,0,-0.730308,0.00453839,-0.00321835
9732,,,0,-0.434796,0.0038817,-0.00169811
9733,,,0,-0.434796,0.00552343,-0.00169811
9734,,,0,-0.500465,0.00618012,0.00134237
9735,,,0,-0.467631,0.00256832,-0.00169811
9736,,,0,-0.5333,0.00585178,-0.00169811
9737,,,0,-0.369127,0.00552343,-0.00777907
9738,,,0,-0.336292,0.0038817,0.00134237
9739,,,0,-0.566134,0.00683681,0.00134237
9740,,,0,-0.434796,0.00650847,-0.000177868
9741,,,0,-0.270623,0.00453839,-0.00169811
9742,,,0,-0.369127,0.00355336,0.00134237
9743,,,0,-0.270623,0.00191163,-0.00321835
9744,,,0,-0.336292,0.00650847,-0.000177868
9745,,,0,-0.336292,0.00618012,-0.000177868
9746,,,0,-0.270623,0.00716516,-0.000177868
9747,,,0,-0.237788,0.00355336,-0.00321835
9748,,,0,-0.172119,0.00322501,0.00438285
9749,,,0,-0.303458,0.00322501,-0.00169811
9750,,,0,-0.172119,0.00486674,0.00134237
9751,,,0,-0.204954,0.00421005,-0.00321835
9752,,,0,-0.270623,0.00683681,0.00134237
9753,,,0,-0.270623,0.00256832,0.00286261
9754,,,0,-0.10645,0.00453839,0.0059031
9755,,,0,-0.336292,0.00552343,-0.00169811
9756,,,0,-0.303458,0.00585178,-0.000177868
9757,,,0,-0.303458,0.00125494,-0.00169811
9758,,,0,-0.336292,0.00191163,0.00286261
9759,,,0,-0.336292,0.00683681,-0.00169811
9760,,,0,-0.237788,0.00486674,-0.00169811
9761,,,0,-0.434796,0.00552343,0.00286261
9762,,,0,-0.500465,0.00421005,-0.000177868
9763,,,0,-0.401961,0.00289666,0.00286261
9764,,,0,-0.5333,0.00552343,0.00134237
9765,,,0,-0.631804,0.0038817,-0.00169811
9766,,,0,-0.566134,0.000926591,-0.00169811
9767,,,0,-0.598969,0.000926591,0.00286261
9768,,,0,-0.5333,0.00191163,-0.00321835
9769,,,0,-0.631804,0.00223997,0.00134237
9770,,,0,-0.795977,0.00256832,0.00286261
9771,,,0,-0.828811,0.00125494,-0.000177868
9772,,,0,-0.927315,0.000598246,-0.000177868
9773,,,0,-0.795977,0.00191163,-0.000177868
9774,,,0,-0.828811,0.00421005,0.00286261
9775,,,0,-0.927315,0.0002699,-0.000177868
9776,,,0,-0.96015,0.00125494,0.00134237
9777,,,0,-1.09149,0.000926591,-0.00473859
9778,,,0,-1.05865,0.00256832,-0.00169811
9779,,,0,-0.96015,0.00322501,-0.00625883
9780,,,0,-0.96015,0.00125494,-0.000177868
9781,,,0,-1.02582,0.00223997,0.00134237
9782,,,0,-0.927315,0.00191163,-0.00169811
9783,,,0,-0.828811,0.00322501,0.00134237
9784,,,0,-1.05865,0.00355336,0.00134237
9785,,,0,-0.96015,0.00191163,-0.000177868
9786,,,0,-0.927315,0.00256832,-0.000177868
9787,,,0,-0.96015,0.000598246,-0.00169811
9788,,,0,-0.894481,0.0038817,-0.00169811
9789,,,0,-0.861646,0.00421005,0.00134237
9790,,,0,-0.697473,0.00223997,0.00286261
9791,,,0,-0.795977,0.00355336,-0.000177868
9792,,,0,-0.861646,-5.84455e-05,0.00286261
9793,,,0,-0.861646,0.00322501,-0.000177868
9794,,,0,-0.795977,0.00223997,-0.000177868
9795,,,0,-0.598969,0.00421005,-0.000177868
9796,,,0,-0.763142,0.0002699,0.00438285
9797,,,0,-0.664638,-0.00235686,0.00286261
9798,,,0,-0.631804,-0.000386791,-0.00321835
9799,,,0,-0.566134,0.0002699,-0.00169811
9800,,,0,-0.598969,-0.00104348,-0.00169811
9801,,,0,-0.566134,-0.000386791,0.00134237
9802,,,0,-0.0736152,0.000926591,-0.00169811
9803,,,0,-0.401961,-5.84455e-05,-0.000177868
9804,,,0,-0.500465,0.00223997,-0.000177868
9805,,,0,-0.434796,0.00191163,-0.000177868
9806,,,0,-0.598969,-5.84455e-05,0.00286261
9807,,,0,-0.467631,0.00421005,-0.000177868
9808,,,0,-0.303458,0.000598246,-0.000177868
9809,,,0,-0.401961,0.00191163,-0.00169811
9810,,,0,-0.369127,-0.000386791,0.00134237
9811,,,0,-0.434796,-0.000715137,0.00286261
9812,,,0,-0.401961,-0.00301356,-0.00169811
9813,,,0,-0.303458,-0.00268521,0.00286261
9814,,,0,-0.336292,0.00125494,-0.00321835
9815,,,0,-0.336292,0.000926591,-0.00169811
9816,,,0,-0.5333,0.0002699,-0.000177868
9817,,,0,-0.434796,0.0002699,-0.00169811
9818,,,0,-0.172119,-0.00104348,0.00286261
9819,,,0,-0.500465,-0.00104348,0.00134237
9820,,,0,-0.401961,-0.00235686,0.00134237
9821,,,0,-0.172119,-0.00170017,-0.00169811
9822,,,0,-0.5333,-0.00268521,-0.000177868
9823,,,0,-0.5333,-0.00367025,0.00134237
9824,,,0,-0.500465,-0.00268521,-0.000177868
9825,,,0,-0.5333,-0.0033419,0.00286261
9826,,,0,-0.5333,-0.00367025,-0.00169811
9827,,,0,-0.697473,-0.00498363,-0.000177868
9828,,,0,-0.5333,-0.00235686,-0.000177868
9829,,,0,-0.631804,-0.00301356,0.00134237
9830,,,0,-0.5333,-0.00301356,0.00286261
9831,,,0,-0.730308,-0.00104348,-0.000177868
9832,,,0,-0.598969,-0.00137183,0.00286261
9833,,,0,-0.664638,-0.00137183,-0.00169811
9834,,,0,-0.697473,-0.00104348,-0.000177868
9835,,,0,-0.730308,-0.0033419,0.00134237
9836,,,0,-0.697473,-0.00531198,-0.000177868
9837,,,0,-0.763142,-0.00235686,-0.00169811
9838,,,0,-0.795977,-0.00432694,-0.000177868
9839,,,0,-0.763142,-0.00531198,-0.000177868
9840,,,0,-0.828811,-0.00793874,-0.000177868
9841,,,0,-0.861646,-0.00399859,-0.00169811
9842,,,0,-0.795977,-0.0033419,-0.00169811
9843,,,0,-0.927315,-0.00399859,-0.00169811
9844,,,0,-0.861646,-0.00531198,-0.000177868
9845,,,0,-1.05865,-0.00301356,0.00134237
9846,,,0,-0.96015,-0.00170017,0.00286261
9847,,,0,-0.927315,-0.00301356,-0.00169811
9848,,,0,-0.96015,-0.00301356,0.00134237
9849,,,0,-0.927315,-0.00367025,-0.00169811
9850,,,0,-0.894481,-0.00235686,0.00134237
9851,,,0,-1.02582,-0.00268521,-0.000177868
9852,,,0,-0.992984,-0.00531198,0.00134237
9853,,,0,-0.992984,-0.00465528,-0.000177868
9854,,,0,-1.02582,-0.00367025,-0.000177868
9855,,,0,-1.02582,-0.00137183,-0.00169811
9856,,,0,-0.894481,-0.00268521,-0.00473859
9857,,,0,-0.828811,-0.00432694,0.00286261
9858,,,0,-0.927315,-0.00301356,-0.000177868
9859,,,0,-0.861646,-0.00268521,0.00286261
9860,,,0,-0.828811,0.0002699,-0.00169811
9861,,,0,-0.697473,-0.00235686,-0.000177868
9862,,,0,-0.763142,-0.00170017,-0.00169811
9863,,,0,-0.763142,-5.84455e-05,-0.000177868
9864,,,0,-0.894481,-0.00268521,-0.000177868
9865,,,0,-0.467631,0.000598246,0.00134237
9866,,,0,-0.598969,0.000926591,-0.000177868
9867,,,0,-0.467631,-0.000386791,-0.00169811
9868,,,0,-0.434796,-0.00202852,-0.000177868
9869,,,0,-0.303458,-0.000715137,-0.000177868
9870,,,0,-0.336292,-0.0033419,-0.000177868
9871,,,0,-0.237788,-5.84455e-05,-0.00169811
9872,,,0,-0.204954,-0.00104348,-0.000177868
9873,,,0,-0.270623,-0.00202852,0.00134237
9874,,,0,-0.139284,-0.00202852,-0.00169811
9875,,,0,-0.172119,-0.00235686,-0.000177868
9876,,,0,-0.10645,-0.00268521,0.00134237
9877,,,0,-0.0736152,-0.00432694,-0.000177868
9878,,,0,-0.0736152,-0.00202852,-0.000177868
9879,,,0,-0.00794598,-5.84455e-05,-0.00321835
9880,,,0,-0.00794598,-0.00104348,-0.00169811
9881,,,0,-0.00794598,0.0002699,-0.00169811
9882,,,0,-0.00794598,-0.00170017,0.00286261
9883,,,0,0.0248886,0.000598246,-0.00321835
9884,,,0,0.123392,-0.00268521,-0.00169811
9885,,,0,0.123392,-0.00170017,-0.000177868
9886,,,0,0.123392,-0.00170017,0.00286261
9887,,,0,0.0248886,-0.00235686,-0.000177868
9888,,,0,0.0905579,-0.00235686,0.00742334
9889,,,0,0.123392,-0.00202852,0.00286261
9890,,,0,0.189062,-0.00235686,-0.00169811
9891,,,0,0.156227,-0.00465528,-0.00169811
9892,,,0,0.0577233,-0.00202852,-0.000177868
9893,,,0,-0.00794598,-0.000715137,0.00286261
9894,,,0,0.0248886,-0.000715137,-0.000177868
9895,,,0,0.0905579,0.0002699,-0.00321835
9896,,,0,0.0248886,-0.00367025,0.00134237
9897,,,0,0.0905579,-5.84455e-05,0.00134237
9898,,,0,-0.139284,-0.00137183,-0.00321835
9899,,,0,-0.139284,-0.00104348,-0.000177868
9900,,,0,-0.00794598,-0.00202852,-0.00473859
9901,,,0,-0.0736152,-0.00104348,0.00134237
9902,,,0,-0.0736152,0.00191163,0.018065
9903,,,0,-0.10645,-0.00137183,0.00134237
9904,,,0,0.0248886,-0.00104348,-0.000177868
9905,,,0,-0.139284,-0.00104348,0.00134237
9906,,,0,-0.10645,-5.84455e-05,0.00134237
9907,,,0,-0.204954,0.00158328,-0.00169811
9908,,,0,-0.10645,-0.00137183,-0.000177868
9909,,,0,-0.172119,-0.00170017,0.00134237
9910,,,0,-0.303458,-0.000715137,-0.000177868
9911,,,0,-0.237788,0.00191163,-0.000177868
9912,,,0,-0.237788,-5.84455e-05,-0.000177868
9913,,,0,-0.204954,0.00421005,0.00286261
9914,,,0,-0.270623,0.00191163,0.00286261
9915,,,0,-0.0736152,0.00223997,-0.000177868
9916,,,0,-0.336292,0.00289666,-0.000177868
9917,,,0,-0.336292,0.000926591,0.00134237
9918,,,0,-0.434796,0.00125494,0.00134237
9919,,,0,-0.336292,0.00223997,-0.00321835
9920,,,0,-0.401961,0.00453839,0.00134237
9921,,,0,-0.336292,0.00618012,-0.000177868
9922,,,0,-0.336292,0.00256832,-0.00169811
9923,,,0,-0.401961,0.000926591,0.00286261
9924,,,0,-0.369127,0.00289666,0.00134237
9925,,,0,-0.401961,0.00486674,-0.00321835
9926,,,0,-0.401961,0.00519508,-0.000177868
9927,,,0,-0.401961,0.00355336,-0.000177868
9928,,,0,-0.369127,0.00322501,-0.000177868
9929,,,0,-0.434796,0.00322501,0.00134237
9930,,,0,-0.10645,0.00519508,-0.000177868
9931,,,0,-0.303458,0.00519508,-0.00169811
9932,,,0,-0.204954,0.00289666,-0.00321835
9933,,,0,-0.204954,0.0002699,0.00438285
9934,,,0,-0.139284,0.000926591,0.00134237
9935,,,0,-0.172119,0.000926591,-0.000177868
9936,,,0,-0.204954,0.00223997,-0.00321835
9937,,,0,-0.0407806,-0.00268521,-0.00169811
9938,,,0,-0.139284,-0.00301356,0.00134237
9939,,,0,-0.0736152,0.0038817,-0.00169811
9940,,,0,-0.204954,0.00322501,-0.00169811
9941,,,0,-0.0736152,-0.000715137,-0.000177868
9942,,,0,-0.00794598,-0.00301356,-0.000177868
9943,,,0,-0.00794598,0.0002699,0.00286261
9944,,,0,0.0248886,0.00421005,0.00438285
9945,,,0,0.451739,0.00158328,0.00134237
9946,,,0,0.156227,0.000598246,-0.000177868
9947,,,0,0.0577233,0.000598246,0.00134237
9948,,,0,0.0577233,-0.00137183,0.00438285
9949,,,0,0.189062,0.0002699,-0.00169811
9950,,,0,0.156227,0.00191163,-0.00169811
9951,,,0,0.156227,0.00223997,-0.00169811
9952,,,0,0.254731,0.00191163,0.00134237
9953,,,0,0.189062,0.00158328,-0.000177868
9954,,,0,0.156227,0.00322501,0.00134237
9955,,,0,0.189062,0.00355336,-0.000177868
9956,,,0,-0.0407806,0.00125494,-0.00169811
9957,,,0,0.156227,0.00289666,0.00286261
9958,,,0,0.123392,0.00355336,0.00286261
9959,,,0,0.123392,0.00191163,0.00134237
9960,,,0,0.189062,0.00158328,0.00134237
9961,,,0,-0.0407806,0.00191163,0.00134237
9962,,,0,0.0577233,0.00191163,-0.00321835
9963,,,0,-0.0407806,0.000598246,-0.00169811
9964,,,0,-0.0736152,0.00125494,-0.00169811
9965,,,0,-0.10645,-5.84455e-05,-0.00169811
9966,,,0,0.0577233,-5.84455e-05,-0.00321835
9967,,,0,-0.0407806,-0.00104348,-0.000177868
9968,,,0,-0.204954,-0.00104348,-0.00473859
9969,,,0,-0.303458,0.000926591,-0.000177868
9970,,,0,-0.401961,0.00158328,-0.000177868
9971,,,0,-0.434796,0.00158328,-0.00169811
9972,,,0,-0.631804,0.0002699,0.00134237
9973,,,0,-0.631804,0.000926591,-0.00169811
9974,,,0,-0.401961,0.00223997,0.00286261
9975,,,0,-0.664638,0.00125494,-0.00169811
9976,,,0,-0.598969,0.00256832,-0.00625883
9977,,,0,-0.664638,-0.000715137,0.00134237
9978,,,0,-0.401961,0.00256832,-0.00473859
9979,,,0,-0.631804,0.0002699,0.00134237
9980,,,0,-0.566134,0.00355336,0.00286261
9981,,,0,-0.598969,0.00223997,-0.00473859
9982,,,0,-0.5333,-0.000386791,-0.00169811
9983,,,0,-0.664638,-0.00170017,-0.00169811
9984,,,0,-0.664638,0.0002699,0.00134237
9985,,,0,-0.566134,0.00322501,-0.000177868
9986,,,0,-0.598969,0.000598246,-0.00169811
9987,,,0,-0.566134,-0.00104348,-0.000177868
9988,,,0,-0.5333,0.00125494,0.00286261
9989,,,0,-0.5333,0.00125494,-0.00169811
9990,,,0,-0.500465,0.00421005,-0.00169811
9991,,,0,-0.401961,0.0038817,0.00286261
9992,,,0,-0.401961,0.00158328,-0.000177868
9993,,,0,-0.401961,0.000926591,-0.00169811
9994,,,0,-0.434796,0.000598246,0.00134237
9995,,,0,-0.369127,0.00158328,-0.00169811
9996,,,0,-0.369127,0.00223997,0.00134237
9997,,,0,-0.401961,-0.00170017,-0.00169811
9998,,,0,-0.270623,-0.00399859,-0.00321835
9999,,,0,-0.401961,-0.00104348,-0.000177868
10000,,,0,-0.369127,-0.00137183,0.00134237
10001,,,0,-0.434796,-0.00104348,-0.00169811
10002,,,0,-0.369127,-0.00301356,-0.00321835
10003,,,0,-0.204954,-0.00235686,-0.000177868
